30

Pairs
19 29 1
0 28 1
14 15 1
8 11 1
2 24 1
5 16 1
6 18 1
17 9 1
14 8 1
26 12 1
23 15 1
10 3 1
15 2 1
10 3 1
13 11 1

Edges
0 10 19
0 7 5
1 27 2
1 6 4
1 5 14
1 15 19
2 29 6
2 21 15
3 11 13
3 22 5
4 10 12
4 13 13
5 19 4
5 26 3
5 25 4
5 24 10
6 16 7
6 25 2
6 14 13
6 24 9
7 27 16
7 10 20
8 14 17
8 15 3
9 23 18
10 26 15
10 28 16
11 13 13
11 28 15
12 21 19
12 20 14
12 27 3
12 24 5
12 17 18
13 14 5
13 28 14
13 20 15
14 26 16
14 16 2
16 24 8
17 20 9
18 27 5
19 28 15
19 26 10
20 28 8
20 25 18
20 24 8
23 26 14
24 26 7
24 28 9
25 26 12

TollEdges
0 10
10 28
2 21
12 24
1 27
8 14
11 13
8 15
24 26
23 26
