30

Pairs
18 13 1
10 6 1
29 9 1
6 4 1
20 19 1
7 21 1
18 17 1
14 7 1
16 26 1
29 18 1
11 5 1
18 0 1
16 5 1
7 22 1
10 27 1

Edges
0 5 12
0 29 18
1 24 16
1 11 6
1 23 3
1 19 14
2 7 19
2 18 8
2 9 5
2 20 5
2 24 2
3 12 3
3 4 19
3 19 2
3 21 15
3 7 13
4 10 9
4 6 10
5 9 3
6 11 10
6 14 20
6 27 14
6 16 7
8 9 4
8 17 9
8 25 3
8 12 18
8 15 20
8 11 16
8 18 19
8 27 18
9 22 14
9 21 2
9 29 5
9 24 18
10 15 6
12 14 20
13 16 14
13 28 19
14 20 18
15 20 16
15 25 16
15 23 19
16 19 10
16 26 16
16 25 20
17 22 15
18 20 5
19 28 11
20 27 10
25 26 14

TollEdges
4 6
2 7
2 9
9 21
20 27
8 9
17 20
