35

Pairs
1 5 1
34 23 1
33 7 1
12 26 1
13 17 1
25 31 1
1 3 1
34 0 1
26 14 1
27 32 1
22 34 1
18 20 1

Edges
0 7 9
0 34 16
0 11 8
1 3 12
1 5 19
1 17 16
2 12 3
2 6 17
3 24 19
3 11 5
3 23 17
3 27 7
4 33 8
4 14 20
5 25 19
5 26 8
5 22 14
5 7 18
5 29 2
6 27 12
6 33 16
6 17 10
6 7 18
7 21 19
7 12 4
8 29 7
8 9 3
8 19 12
8 28 16
9 34 6
10 26 13
10 24 9
10 31 3
11 16 8
11 26 11
11 23 8
12 19 10
12 21 8
12 23 17
12 28 20
12 18 11
13 31 15
14 25 18
14 26 6
14 18 17
14 27 14
15 33 3
15 25 7
16 34 10
16 19 10
16 21 4
16 26 17
16 20 19
17 23 10
18 29 18
18 26 9
19 23 20
20 31 2
21 25 15
22 28 10
23 31 3
24 29 9
25 31 10
25 27 6
26 27 13
26 33 14
27 29 6
28 34 13
30 34 15
32 34 8

TollEdges
18 26
16 20
17 6
12 19
0 7
34 30
12 21
25 5
24 10
28 12
