60

Pairs
0 26 1
42 9 1
44 43 1
22 35 1
31 14 1
58 2 1
46 34 1
45 28 1
23 0 1
50 47 1
42 13 1
46 27 1
55 11 1
28 19 1
24 11 1
15 26 1
53 28 1
13 23 1
14 25 1
43 4 1
6 15 1
48 18 1
23 39 1
5 52 1
31 54 1
27 29 1
40 55 1
23 57 1
51 49 1
3 53 1

Edges
0 28 19
0 47 14
0 3 7
0 37 6
1 59 14
1 25 4
1 50 4
1 26 20
1 10 2
2 21 19
2 55 10
2 25 14
2 16 2
2 30 12
2 47 9
2 44 8
2 41 10
2 20 15
2 36 9
3 49 20
3 15 13
3 45 13
3 27 20
4 42 8
4 32 11
4 55 2
4 52 5
4 38 4
4 11 11
5 46 6
5 18 17
6 7 12
6 44 6
6 28 9
6 48 11
6 19 10
6 45 13
7 46 4
7 22 12
7 57 17
7 20 9
7 19 14
7 16 8
7 14 5
7 9 6
8 23 14
8 17 14
8 28 9
8 10 20
8 37 2
8 38 16
8 16 11
9 36 8
9 47 9
9 42 12
9 37 6
10 54 3
10 49 2
10 23 12
10 31 5
10 26 10
10 44 4
10 19 12
11 22 13
12 51 17
12 25 3
12 38 14
12 22 6
12 45 13
12 57 18
12 52 4
12 32 18
12 15 17
12 24 13
13 49 7
13 43 17
13 32 14
13 20 8
13 21 7
13 38 4
13 17 6
13 18 14
14 51 18
14 24 12
14 43 18
14 34 5
14 35 10
14 47 8
15 45 9
15 54 2
15 44 10
15 25 8
15 31 3
15 17 16
15 43 16
16 37 7
16 43 11
16 35 16
16 24 17
16 45 11
16 44 20
16 29 15
16 59 2
17 35 2
17 52 4
18 44 12
18 52 5
18 31 20
18 33 20
18 59 4
18 26 14
19 56 17
19 58 16
19 53 3
19 48 14
19 39 9
20 26 15
20 44 9
20 40 9
20 22 11
20 24 14
20 38 18
21 45 17
21 55 12
22 42 16
22 53 11
23 44 16
23 46 8
23 31 5
23 40 7
24 50 20
24 34 6
24 40 16
24 46 15
24 58 5
25 26 15
25 51 20
25 44 4
25 55 20
26 31 16
26 34 9
26 33 6
26 58 12
26 38 20
26 32 11
28 45 16
28 37 17
28 39 9
28 58 17
28 43 15
28 41 9
29 38 6
29 43 7
29 56 2
29 39 18
29 31 9
30 32 4
30 43 5
30 46 15
30 34 10
31 46 14
31 32 20
31 49 14
32 40 4
32 38 4
32 34 2
33 41 14
33 45 6
34 40 12
34 54 6
35 37 9
35 50 2
36 49 11
37 51 15
37 50 11
38 51 9
38 49 12
39 49 17
40 57 16
40 53 12
40 42 11
40 47 11
41 53 10
41 46 15
42 45 11
42 51 17
42 57 17
42 58 13
43 45 19
44 49 19
45 54 8
46 56 7
46 50 4
46 59 13
47 50 11
48 49 18
48 58 15
48 54 19
48 52 18
50 54 8
51 52 19
51 53 9
51 54 20
52 59 8
52 55 8
54 55 8
55 56 5
57 59 13

TollEdges
40 24
57 7
18 59
49 38
38 20
12 24
53 22
45 12
1 26
17 15
22 20
47 14
43 13
7 20
37 16
48 19
46 59
32 30
36 2
55 2
44 15
28 37
12 15
15 43
58 42
51 52
58 19
52 4
29 38
22 11
32 12
