40

Pairs
23 10 1
35 10 1
10 33 1
24 38 1
20 4 1
21 16 1
11 7 1
26 7 1
21 10 1
33 18 1
32 5 1
7 25 1
4 17 1

Edges
0 14 12
0 1 3
0 9 17
0 8 11
0 13 4
0 19 9
0 33 10
0 18 18
1 31 7
1 19 13
1 23 8
1 29 11
1 12 4
2 32 6
2 14 8
3 9 13
3 4 8
4 26 5
4 8 11
4 25 10
4 28 6
4 36 10
4 14 15
4 31 6
5 16 4
5 22 7
5 19 4
6 14 13
6 29 14
7 30 16
7 12 3
7 32 14
7 25 15
8 29 2
8 9 5
8 17 11
9 28 8
9 29 6
9 18 11
9 17 8
10 25 10
10 32 10
10 12 8
10 28 20
10 26 7
11 39 20
11 19 3
11 35 11
13 35 3
13 29 16
13 32 9
13 17 12
14 35 12
15 20 8
15 21 8
15 31 12
15 34 20
15 38 2
15 36 4
16 19 12
16 27 17
17 20 6
17 23 18
17 38 3
18 20 7
19 27 17
19 37 20
20 21 17
21 36 9
21 31 9
21 28 6
21 39 7
22 30 8
22 37 13
22 33 10
23 39 20
24 32 11
24 30 17
24 27 19
24 25 9
24 26 17
27 31 18
28 38 8
28 34 18
29 39 7
30 39 14
30 34 13
31 37 8
32 36 16
35 38 8
36 37 9
37 38 13

TollEdges
4 28
28 38
10 12
1 12
0 1
0 1
0 33
11 19
0 19
7 12
10 26
5 19
8 17
