50

Pairs
33 12 1
18 43 1
3 25 1
6 11 1
18 1 1
19 5 1
19 30 1
48 10 1
40 42 1
11 36 1
27 35 1
22 42 1
2 1 1
24 31 1
35 1 1
40 29 1
46 48 1
24 28 1
9 39 1
30 12 1
17 6 1
38 12 1
29 44 1
1 11 1
29 36 1
9 17 1
14 37 1
27 14 1
44 1 1
20 49 1
25 14 1
49 30 1
28 18 1

Edges
0 23 15
0 34 16
0 35 2
0 14 11
0 44 3
1 39 17
1 6 14
1 42 6
1 28 7
1 7 6
1 20 14
1 9 16
1 21 18
2 14 16
2 49 9
2 28 15
2 22 12
2 16 4
2 38 16
2 11 2
2 42 6
2 37 15
2 32 5
3 18 5
3 25 16
3 35 4
3 28 7
3 41 13
3 32 18
4 15 9
4 32 16
4 30 7
4 24 20
4 21 17
5 42 14
5 43 4
5 10 17
5 7 11
5 16 4
5 34 10
6 31 11
6 43 20
7 37 16
7 11 13
8 42 3
8 25 16
8 17 16
9 39 12
9 18 20
9 19 4
9 36 15
9 42 18
9 11 12
9 20 20
10 40 18
10 26 14
10 35 12
10 20 13
10 31 8
11 34 19
11 40 7
11 18 2
11 29 13
11 21 16
11 48 11
12 13 11
12 29 17
12 30 15
12 19 6
12 18 20
12 26 9
13 17 8
13 27 6
13 15 12
13 26 17
13 20 11
13 16 19
13 45 15
14 18 3
14 48 9
15 39 7
15 16 7
16 20 15
16 35 4
16 26 3
16 43 7
16 39 8
17 42 3
17 35 20
17 29 9
18 48 13
19 27 20
19 38 19
19 25 12
20 47 4
20 29 2
21 32 14
21 47 3
21 37 4
21 26 7
21 46 8
21 30 18
22 33 17
22 49 9
22 42 3
22 36 5
23 26 18
23 38 2
23 25 15
24 28 4
24 25 17
24 46 10
24 43 18
25 44 9
25 48 11
25 27 3
26 27 2
27 49 13
27 44 17
28 32 15
28 45 12
28 48 6
28 31 18
28 49 15
28 37 13
29 41 10
30 44 16
30 41 20
30 38 6
31 37 9
31 43 17
32 45 2
33 47 18
35 36 9
37 41 4
37 42 6
38 46 5
38 47 19
39 43 8
40 44 3
41 47 6
41 46 19
45 47 2
47 48 4

TollEdges
41 47
32 28
11 21
30 41
49 28
37 21
11 9
1 21
23 26
15 39
22 49
30 21
28 48
38 23
5 7
27 49
42 5
12 18
6 31
4 15
31 43
