55

Pairs
3 1 1
27 21 1
33 0 1
5 35 1
8 12 1

Edges
0 38 9
0 14 10
0 22 16
0 31 10
0 13 8
0 54 8
0 53 2
0 32 3
0 44 17
1 28 13
1 8 10
1 16 3
1 51 4
1 21 3
1 17 6
1 34 19
1 47 12
1 19 10
1 42 17
1 5 3
2 30 12
2 25 6
2 22 15
2 14 12
3 24 11
3 45 14
3 23 10
3 43 11
3 8 4
3 29 14
3 32 13
4 8 16
4 15 7
4 46 6
5 32 17
5 8 11
5 34 5
5 53 7
5 25 5
6 8 17
6 41 3
6 18 10
6 32 5
7 35 3
7 30 18
7 43 9
7 9 16
7 45 2
8 14 13
8 54 13
8 46 7
8 51 3
8 31 9
8 35 10
8 40 4
8 24 10
8 49 13
9 17 8
9 29 6
10 25 2
10 46 10
10 30 10
10 15 10
10 41 19
10 12 17
10 18 20
10 49 3
11 15 10
11 40 20
11 21 11
11 48 14
11 29 19
11 50 4
11 32 13
11 49 13
12 54 9
12 53 10
12 18 2
12 40 20
12 23 13
12 33 4
12 26 18
12 34 17
13 16 3
13 52 6
13 53 17
13 43 4
13 49 14
13 54 18
13 41 20
13 21 3
13 38 3
14 54 16
14 17 9
14 44 19
14 16 14
14 52 13
14 53 20
15 52 6
16 23 9
16 45 20
16 52 10
16 30 4
16 37 18
16 33 13
16 32 19
16 17 19
17 25 14
17 30 20
17 27 5
17 50 7
17 47 11
18 40 5
18 30 17
18 26 17
18 33 11
18 36 14
18 28 10
19 53 20
19 51 2
19 41 19
19 42 15
19 22 10
20 53 15
20 37 6
20 35 19
20 50 20
20 23 6
21 50 3
22 29 11
22 45 14
23 51 5
23 33 4
23 43 18
23 42 4
24 34 13
24 25 10
24 47 2
25 35 9
26 27 2
26 41 20
26 37 19
27 34 17
27 32 14
28 29 18
28 30 15
28 49 18
29 33 5
29 52 8
30 41 20
30 34 15
32 54 10
32 52 19
32 35 14
33 37 12
33 42 15
33 52 19
33 48 17
34 43 19
34 49 8
34 45 20
35 41 6
36 39 20
39 49 11
39 40 5
39 54 10
39 51 7
40 52 2
40 45 6
42 49 3
43 47 20
43 53 20
43 48 11
45 48 4
46 47 20

TollEdges
51 23
15 4
2 30
53 20
42 33
6 8
52 15
29 3
10 15
34 45
47 17
17 25
48 11
43 47
23 20
33 29
20 37
