60

Pairs
26 46 1
45 36 1
25 11 1
53 25 1
1 44 1
18 48 1
44 23 1
40 10 1
43 53 1
30 21 1

Edges
0 44 5
0 1 4
0 52 15
0 43 12
0 31 18
1 37 17
1 40 20
1 6 2
1 38 13
1 45 16
1 56 11
1 15 2
2 40 4
2 54 3
2 29 17
2 53 11
2 13 13
2 20 8
3 17 2
3 43 17
3 20 2
4 46 13
4 26 8
4 31 7
4 44 15
5 26 20
5 10 13
5 27 3
5 25 20
5 37 15
5 56 19
6 9 19
6 59 18
6 35 8
6 32 16
6 33 18
6 46 18
7 41 16
7 42 14
7 21 19
7 58 20
8 19 5
8 47 16
8 59 2
8 33 10
8 10 17
8 30 16
8 55 14
8 57 3
9 47 7
9 44 4
9 22 15
9 31 14
10 40 19
11 23 12
11 46 14
11 26 19
11 45 19
11 40 15
11 24 10
11 43 7
11 12 12
12 52 6
12 30 12
12 58 10
12 32 13
12 24 8
12 53 16
12 55 4
13 47 8
13 59 15
13 53 3
13 36 16
13 52 4
14 26 20
14 56 8
14 31 16
14 17 15
14 44 3
14 53 8
14 42 3
14 32 6
14 35 3
14 21 8
15 39 5
15 34 15
15 49 3
15 16 20
15 38 10
16 53 3
16 39 18
16 29 13
16 58 10
16 17 6
16 18 2
16 35 7
17 48 20
17 37 7
17 30 15
17 18 10
17 23 7
17 21 11
18 37 14
18 54 14
18 29 12
18 40 8
18 23 11
19 34 17
19 31 14
19 44 19
19 58 18
19 33 8
19 28 9
20 38 16
20 55 15
20 52 4
20 59 11
20 21 5
20 57 13
21 25 19
21 54 20
21 44 19
21 58 17
22 25 16
22 42 20
22 24 12
22 47 19
22 27 2
22 28 10
23 41 15
23 44 17
23 51 14
24 47 3
24 42 19
24 48 14
24 27 17
24 35 12
24 55 11
24 32 14
24 57 8
25 39 5
26 44 17
26 53 2
26 33 7
26 37 11
26 38 10
26 43 3
26 32 12
26 41 6
27 41 16
27 33 6
27 43 8
27 54 11
27 40 18
28 47 18
28 56 12
28 59 15
29 49 2
29 36 12
29 38 17
30 59 16
30 52 7
31 54 15
31 43 15
31 47 10
31 56 2
32 54 5
32 49 14
32 59 16
32 53 20
33 43 16
33 51 4
34 50 11
34 58 12
34 52 4
34 55 7
34 48 19
35 40 13
36 38 3
36 39 7
37 43 14
37 58 6
37 42 3
37 56 16
38 39 13
38 56 7
38 53 12
38 43 2
39 49 9
39 47 7
40 44 11
40 59 12
41 54 2
42 44 11
43 59 16
44 57 8
45 48 16
45 56 12
46 57 16
46 52 16
47 48 18
48 56 7
49 53 5
49 52 19
50 57 15
51 57 12
54 55 7
57 58 6

TollEdges
56 14
22 47
43 37
26 41
17 48
11 26
40 35
19 58
49 39
48 45
