40

Pairs
31 34 1
10 34 1
0 1 1
7 0 1
30 38 1
15 16 1
36 26 1
30 18 1
20 6 1
3 36 1
33 0 1
7 1 1
35 31 1
26 13 1
19 16 1
30 0 1
1 19 1
33 8 1
24 38 1
1 19 1
24 32 1
33 35 1
0 20 1
29 18 1
0 2 1
34 18 1
21 11 1

Edges
0 4 11
0 6 8
0 20 20
1 13 20
1 38 9
1 2 17
1 34 12
1 36 17
1 20 8
1 12 14
1 22 18
1 26 10
1 19 18
1 24 18
2 9 18
2 32 7
2 23 4
2 5 17
3 17 18
3 18 15
3 32 20
3 14 7
4 26 11
4 7 15
4 31 15
5 25 8
6 29 17
6 32 12
6 8 6
6 36 2
6 15 16
7 25 18
7 21 10
7 17 11
8 14 2
9 10 5
9 36 13
10 18 12
10 33 16
10 39 8
10 23 10
10 36 17
10 25 17
11 36 4
11 30 17
11 19 15
11 21 8
12 35 6
13 26 8
13 15 6
13 33 8
13 30 9
13 36 2
13 18 16
13 14 18
14 17 2
14 24 4
15 26 16
15 24 15
15 30 15
15 34 10
15 17 8
16 29 8
16 38 19
16 39 3
17 22 16
17 26 13
18 20 20
18 36 8
18 32 15
18 26 16
18 37 13
19 27 13
21 24 3
22 38 4
22 25 3
22 34 7
22 27 20
23 33 9
23 30 11
23 25 12
24 32 17
24 39 8
24 35 9
26 29 9
28 33 6
28 35 9
29 34 8
30 38 9
30 34 18
31 35 2
33 35 2

TollEdges
33 10
13 14
33 28
28 35
