60

Pairs
9 33 1
5 17 1
8 58 1
43 26 1
49 41 1

Edges
0 15 15
0 58 18
0 13 17
0 12 10
0 23 14
0 53 12
0 46 2
0 49 3
1 36 16
1 11 17
1 21 7
1 18 4
1 38 3
1 27 12
1 29 9
2 55 3
2 16 10
2 19 18
2 44 7
2 56 8
2 10 6
2 47 16
2 27 5
3 49 8
3 38 7
3 59 16
3 35 11
3 30 3
3 25 3
3 7 5
3 9 12
3 23 6
3 45 8
3 52 7
4 56 6
4 25 13
4 46 13
4 39 13
4 26 7
4 28 19
4 53 14
5 21 6
5 12 7
5 22 8
5 37 9
5 9 8
5 50 18
5 46 10
5 39 19
6 13 6
6 55 13
6 52 16
7 52 19
7 32 10
7 30 11
8 50 4
8 10 2
8 39 8
8 17 4
8 56 2
8 36 5
8 16 13
8 31 11
9 19 17
9 55 18
9 45 18
9 29 6
9 54 10
9 53 13
9 26 9
9 31 15
9 23 20
9 43 10
9 50 13
10 45 13
10 38 19
11 19 20
11 18 20
11 41 4
11 21 6
11 17 11
11 40 17
12 49 6
12 35 3
12 39 15
12 51 18
13 48 7
13 43 5
13 16 16
13 35 13
14 30 18
14 20 9
14 36 18
15 29 15
15 24 19
15 31 16
15 41 2
15 50 17
15 44 15
15 40 20
15 38 12
16 55 9
16 23 16
16 35 4
17 42 19
17 51 19
17 48 19
17 38 4
17 50 11
17 34 12
18 28 13
18 42 5
18 38 13
18 26 4
18 50 20
19 29 6
19 56 8
19 54 15
19 47 13
19 38 4
19 28 3
20 32 5
20 34 13
21 42 7
21 36 16
21 48 17
22 48 15
22 37 20
23 51 9
23 43 15
23 46 10
24 48 13
24 28 20
25 27 6
25 48 12
26 53 9
26 36 19
26 44 13
26 47 18
27 59 6
27 45 13
27 51 5
28 44 12
28 50 4
28 56 19
29 34 9
29 57 17
29 54 20
29 56 3
30 46 9
30 58 4
30 48 13
30 55 12
31 44 17
31 37 2
31 58 4
31 40 6
32 33 8
32 55 8
32 47 3
32 45 4
33 53 7
33 58 16
33 40 6
33 46 8
34 41 18
34 37 19
34 54 16
35 42 8
35 49 19
35 44 9
35 40 11
35 36 14
35 41 20
35 43 19
36 52 11
36 44 3
36 45 14
36 49 5
36 48 18
37 43 7
37 53 14
38 46 5
38 52 15
39 58 16
40 47 18
40 52 14
41 48 7
41 42 4
41 47 13
42 56 5
42 51 3
43 57 7
45 56 19
45 52 10
45 50 4
46 51 20
46 53 18
47 55 17
47 57 5
47 50 14
47 48 8
49 52 15
49 55 13
50 53 8
54 59 3
54 57 2
54 55 10

TollEdges
22 48
12 5
31 15
2 27
46 30
7 3
27 25
33 32
3 49
27 51
17 34
10 45
46 33
13 0
36 48
3 52
53 26
15 24
31 9
35 36
9 29
15 38
41 47
27 45
30 14
57 29
32 20
21 5
9 45
1 27
34 41
