60

Pairs
40 54 1
50 44 1
4 38 1
57 31 1
47 6 1

Edges
0 41 9
0 59 11
0 34 16
0 8 9
0 47 17
1 47 16
1 23 3
1 10 4
1 59 20
2 37 15
2 39 18
2 9 5
2 20 3
3 50 13
3 5 16
3 58 6
3 24 16
3 4 17
3 27 16
4 57 3
4 12 8
4 37 19
4 32 9
4 20 16
4 5 15
5 19 2
5 41 8
5 42 12
6 48 19
6 34 13
6 27 20
6 28 11
6 49 14
6 54 3
7 46 7
7 36 5
7 16 3
8 47 7
8 13 19
8 25 11
8 56 20
8 52 18
8 37 19
9 40 15
9 53 2
9 57 13
9 39 8
9 17 10
9 54 2
9 21 12
10 36 17
10 17 3
10 27 4
10 25 11
10 32 14
10 22 19
10 48 6
11 18 11
11 17 13
11 24 11
11 49 11
11 56 16
11 20 10
12 52 2
12 15 17
12 47 10
12 34 3
12 27 17
12 36 19
12 22 11
13 44 11
13 39 20
13 50 20
13 57 14
13 22 5
13 28 20
13 48 11
13 34 2
14 36 3
14 26 6
14 24 13
14 43 4
14 31 14
14 32 13
15 43 18
15 34 13
15 36 5
15 44 7
15 56 14
15 40 11
16 46 20
16 54 12
16 30 8
16 22 10
16 51 7
16 17 13
17 33 5
17 46 18
17 49 17
17 24 4
17 27 3
17 29 2
17 44 4
17 55 13
17 57 4
17 34 11
17 41 8
18 20 9
18 42 7
18 41 11
18 22 5
19 39 20
19 58 13
19 49 4
19 42 7
19 22 3
20 25 2
20 27 12
20 54 17
20 45 15
20 21 9
20 47 7
20 42 2
21 31 2
21 30 16
22 52 14
22 23 4
22 34 17
22 49 15
23 56 15
23 53 17
24 39 18
24 36 3
24 37 10
24 35 8
24 43 12
24 32 19
24 50 6
25 40 17
25 57 20
25 32 19
25 56 16
26 32 7
26 49 10
26 53 19
26 44 13
27 56 19
27 43 13
28 39 12
29 50 14
29 31 17
29 46 17
29 52 19
30 40 4
30 46 5
31 36 13
31 32 14
32 56 2
32 57 14
32 34 4
32 58 20
32 45 12
33 56 8
33 48 3
34 43 16
35 53 12
35 49 2
35 51 9
35 40 13
36 49 7
36 37 16
37 56 20
37 41 11
37 48 10
38 58 18
38 49 5
38 59 10
39 44 13
39 56 11
39 57 4
39 47 10
40 57 4
40 59 15
41 54 16
41 49 10
42 50 17
42 48 7
42 55 12
42 51 17
43 45 15
43 59 10
44 53 9
45 54 18
45 51 17
45 58 13
46 54 13
46 52 6
47 58 11
47 56 18
48 57 15
48 55 13
49 54 13
50 58 2
50 54 6
50 59 5
51 59 18
53 58 17
57 58 13

TollEdges
16 54
37 24
37 41
10 17
11 18
25 32
46 54
36 10
51 59
1 23
50 13
57 39
35 51
13 48
58 53
46 7
56 11
31 32
43 27
49 19
