60

Pairs
47 43 1
7 10 1
57 7 1
26 2 1
19 40 1
48 7 1
47 37 1
49 21 1
9 23 1
39 28 1
47 25 1
29 17 1
59 57 1
43 53 1
37 33 1
51 49 1
27 11 1
24 9 1
17 59 1
34 8 1

Edges
0 43 4
0 46 11
0 59 14
0 32 14
0 17 15
0 48 2
0 5 5
0 1 4
0 26 9
0 58 12
0 22 17
1 42 8
1 36 8
1 29 13
1 57 2
1 48 7
1 54 7
1 24 13
1 40 18
1 33 12
1 49 3
2 47 11
2 58 7
2 51 4
2 3 5
2 55 13
3 22 7
3 34 3
3 56 16
3 46 18
3 42 9
4 8 10
4 39 5
4 9 5
4 51 18
4 54 13
4 57 5
4 36 12
4 33 20
5 23 4
5 28 2
5 52 8
5 17 18
5 50 16
5 47 13
5 29 11
6 26 13
6 19 2
6 48 7
6 52 15
6 39 11
7 29 10
7 55 3
7 25 7
7 52 13
7 20 10
7 38 16
8 14 20
8 25 14
8 26 14
8 27 10
9 57 2
9 32 11
9 25 10
9 34 9
9 41 3
10 41 7
10 49 19
10 14 19
10 42 2
10 23 6
10 40 4
10 50 19
10 28 11
10 20 12
11 49 12
11 30 16
11 20 3
11 52 20
11 55 12
11 33 11
11 32 9
11 14 15
12 30 19
12 38 17
12 49 3
12 20 17
12 35 10
13 33 4
13 35 18
13 25 12
14 47 11
14 38 17
14 43 14
14 55 4
14 41 18
15 25 9
15 24 16
15 44 20
15 38 15
16 39 8
16 27 16
16 46 18
16 42 18
16 58 15
16 56 18
17 54 12
17 52 18
17 58 2
17 21 14
17 48 6
17 36 2
17 55 12
17 26 17
18 55 14
18 56 2
18 33 17
18 45 16
18 49 8
18 40 4
18 30 17
19 48 2
19 32 16
19 28 4
20 25 8
20 45 20
20 52 8
20 32 5
21 40 8
21 22 12
21 41 20
21 30 15
21 36 14
22 25 9
22 49 4
22 32 2
23 36 16
23 59 3
23 56 10
23 48 2
23 30 14
23 32 17
23 55 3
23 53 18
24 49 10
24 34 4
24 27 17
24 28 9
24 35 9
25 55 7
25 47 20
26 37 17
26 53 14
27 55 2
27 59 9
27 41 16
28 31 2
28 48 12
28 33 6
28 51 4
29 40 9
29 35 8
29 52 6
29 50 5
30 51 8
30 49 2
30 33 9
30 42 5
30 46 19
30 41 10
30 55 19
31 44 11
31 40 18
32 39 4
33 36 20
34 47 13
34 56 13
35 37 13
36 49 8
37 42 19
37 45 12
38 50 6
38 46 14
38 59 17
39 53 3
40 57 3
40 54 8
41 43 19
41 48 5
41 58 7
43 57 10
44 54 15
45 52 11
45 55 13
45 56 8
45 47 5
46 53 16
47 52 13
47 49 3
47 59 14
48 52 6
50 53 3
50 59 2
51 56 17
51 57 9
55 59 14
55 58 6
56 57 2

TollEdges
18 30
35 37
7 20
3 56
23 32
18 56
47 2
47 52
47 34
22 3
