60

Pairs
49 50 1
5 53 1
3 10 1
3 17 1
34 25 1

Edges
0 19 13
0 34 11
0 56 17
0 29 16
0 33 7
1 21 9
1 9 15
1 40 11
1 24 4
1 46 8
1 19 2
2 21 17
2 7 3
2 46 13
2 23 19
2 55 4
2 15 7
3 29 7
3 13 13
3 20 12
3 39 18
3 31 9
3 12 16
4 33 12
4 5 14
4 30 2
4 31 10
4 47 18
4 35 20
4 23 18
4 45 16
5 18 19
5 43 16
5 40 6
6 30 20
6 10 19
6 28 14
6 15 13
6 22 11
7 39 4
7 37 18
7 57 16
7 31 11
8 29 15
8 44 13
8 56 16
8 50 11
8 48 16
8 14 20
9 13 14
9 58 2
9 38 10
9 31 12
9 22 12
9 44 9
9 24 5
10 31 4
10 43 8
10 12 6
10 22 20
10 11 5
10 37 9
11 16 12
11 53 11
11 57 17
11 38 7
11 13 4
12 17 12
12 46 4
12 25 18
12 43 10
12 53 20
13 26 15
13 36 2
13 53 4
13 16 8
13 41 3
13 50 2
14 30 4
14 17 6
14 48 12
15 43 2
15 48 4
15 32 8
15 47 8
15 19 3
15 34 13
16 40 2
16 58 7
16 34 3
16 21 14
16 49 13
16 53 8
16 29 15
17 26 17
17 54 17
17 29 11
17 34 10
17 28 8
17 38 5
18 40 12
18 51 6
18 24 14
18 45 11
18 38 10
18 50 12
18 21 10
18 22 15
19 49 8
19 30 17
20 32 17
20 42 10
20 39 4
20 56 11
21 53 19
21 37 14
21 50 10
21 26 14
21 27 20
21 58 7
21 54 18
22 29 7
22 52 2
22 35 4
22 26 10
22 39 12
23 58 12
23 49 6
23 44 2
23 43 2
24 29 4
24 43 20
24 32 18
24 42 16
24 30 20
24 49 7
25 49 2
25 27 15
25 58 10
25 57 4
26 45 7
26 29 12
26 33 6
26 47 10
26 52 14
27 50 3
27 30 11
27 44 8
27 51 10
27 32 11
28 46 9
28 52 14
28 43 19
28 56 20
29 47 19
29 33 12
29 46 4
29 39 14
29 43 11
30 50 18
30 56 4
31 37 2
31 53 12
31 50 5
31 39 6
31 48 15
32 37 7
32 42 7
33 48 3
33 40 3
34 54 12
34 57 17
34 36 18
34 50 4
35 51 15
35 55 14
35 44 4
36 59 5
36 43 17
36 55 18
37 47 15
37 39 18
37 58 4
38 51 7
39 45 10
40 49 16
40 59 4
41 59 14
41 54 19
42 49 3
42 45 16
42 59 8
42 47 19
43 57 4
44 45 10
44 49 9
45 47 17
45 46 2
45 56 10
46 47 3
47 54 10
47 57 10
47 49 14
47 52 6
48 55 9
51 58 10
52 54 7
57 59 11

TollEdges
1 19
29 24
24 9
50 21
1 9
47 45
39 45
55 36
14 17
45 56
20 39
30 24
13 9
12 10
9 31
28 56
41 54
34 36
20 3
43 12
11 53
7 31
26 29
29 46
31 39
48 31
32 42
42 20
53 13
49 42
12 17
32 37
27 30
11 38
10 22
58 16
28 17
14 30
58 51
30 56
1 46
