45

Pairs
23 15 1
38 36 1
6 19 1
2 37 1
29 13 1
39 22 1
32 38 1
1 36 1
43 6 1
24 38 1

Edges
0 15 13
0 20 10
0 4 4
0 14 18
0 6 16
1 35 18
1 4 18
1 41 16
1 37 13
1 24 16
2 29 3
2 26 12
3 38 6
3 29 2
3 42 9
3 43 13
3 19 12
3 36 5
3 10 9
3 18 14
4 9 13
4 34 17
4 27 2
5 14 4
5 19 15
5 33 14
5 38 16
6 42 3
6 9 12
6 28 15
7 30 11
7 36 11
7 28 14
7 23 5
7 10 8
7 33 14
7 34 9
7 42 4
8 9 18
8 12 9
8 37 4
8 17 19
9 19 2
9 39 17
10 26 13
10 23 20
10 13 18
10 12 16
10 30 2
11 17 14
11 16 16
12 31 6
12 40 17
13 27 15
13 35 17
13 26 10
13 20 11
14 27 12
14 38 3
14 23 20
14 30 13
14 26 20
15 43 15
15 38 2
16 34 7
16 22 10
16 31 2
16 35 2
16 18 20
16 21 3
16 27 6
16 26 10
17 30 19
17 18 6
17 41 14
17 32 15
18 21 5
18 37 16
18 39 9
18 34 18
19 43 18
19 37 3
19 21 11
20 33 14
21 32 17
21 43 12
22 24 18
22 30 8
22 34 17
23 28 10
23 30 6
24 29 9
24 37 20
25 36 9
25 28 18
25 30 10
26 42 3
26 27 16
26 30 4
26 44 9
27 34 10
27 41 5
27 42 19
29 37 9
30 42 2
30 44 4
30 34 8
32 35 2
32 34 3
32 41 5
33 39 16
34 40 14
34 44 3
34 41 17
38 39 11
42 43 13

TollEdges
4 9
33 20
7 33
41 27
25 30
12 31
16 26
3 19
16 11
13 20
27 13
26 44
10 13
28 6
33 39
26 10
32 41
1 4
21 19
18 16
19 37
17 32
41 34
