60

Pairs
23 58 1
8 54 1
36 28 1
20 44 1
8 53 1
21 54 1
52 33 1
56 25 1
58 16 1
6 55 1

Edges
0 12 18
0 5 10
0 41 18
0 53 7
0 43 9
0 30 3
1 57 3
1 53 10
1 58 4
1 11 6
1 4 14
2 43 5
2 18 20
2 54 15
2 34 19
2 12 19
2 32 6
2 16 3
3 34 15
3 18 16
3 6 8
3 43 10
3 24 11
3 39 2
4 6 17
4 56 2
4 51 4
4 58 18
4 50 12
5 50 10
5 13 5
5 47 16
5 36 19
5 43 16
5 56 9
5 17 7
5 51 16
6 47 5
6 35 20
6 40 3
6 44 11
6 54 5
7 17 10
7 52 20
7 33 4
7 20 18
8 54 13
8 51 2
8 39 6
8 16 4
9 10 19
9 40 14
9 33 8
9 39 18
9 27 12
9 30 20
9 19 14
9 32 13
10 52 16
10 24 2
10 55 18
10 13 12
10 15 15
10 22 10
10 49 11
10 38 10
10 48 2
11 15 8
11 12 19
11 54 2
11 48 19
11 23 8
11 59 12
12 13 5
12 27 3
12 37 17
12 57 14
13 29 13
13 27 3
13 24 14
13 19 8
14 51 15
14 39 3
14 34 19
14 44 17
14 32 13
15 51 9
15 50 2
15 16 14
15 45 6
15 23 9
15 42 11
15 47 7
16 51 13
16 28 3
16 36 16
17 26 17
17 44 13
17 40 3
17 46 17
18 51 5
18 55 18
18 59 3
18 41 3
18 20 8
18 32 19
19 48 5
19 53 6
19 31 10
19 57 4
19 39 6
19 25 14
19 21 15
20 50 20
20 22 18
20 45 19
20 41 2
20 21 11
20 55 20
21 51 15
21 48 10
21 55 2
22 26 2
22 36 17
22 30 18
22 38 6
23 28 16
23 32 19
23 41 17
23 27 7
23 31 4
24 27 11
24 40 2
24 37 10
24 44 14
24 55 11
24 45 4
24 43 9
25 57 7
25 43 3
25 39 9
25 37 2
25 44 9
26 44 17
26 35 9
26 27 15
27 44 14
27 33 20
27 32 2
28 47 19
28 48 6
28 43 16
28 46 12
29 47 13
29 36 19
31 53 2
31 58 17
31 54 5
31 34 10
31 57 4
32 39 8
32 35 15
33 50 17
34 50 10
34 45 5
34 36 3
34 49 13
35 50 18
35 52 3
35 37 17
35 42 11
35 47 16
36 53 4
36 42 17
36 43 6
36 59 7
36 48 5
37 54 17
37 49 3
37 57 18
37 40 14
37 53 2
38 48 12
38 53 5
38 44 12
39 50 14
39 47 8
39 46 13
40 56 20
40 52 13
41 50 10
41 42 3
42 52 8
43 44 15
43 53 19
43 58 5
44 53 4
45 55 11
46 52 20
46 56 2
48 56 20
49 55 2
49 57 4
49 53 4
51 59 19
52 57 10
54 58 8
57 59 11

TollEdges
10 48
42 52
51 5
53 37
26 17
43 24
3 24
27 26
31 19
38 44
34 50
37 40
2 12
21 20
7 20
46 28
56 40
17 5
51 15
12 0
33 27
19 25
16 8
12 27
37 57
47 29
59 57
25 43
9 30
24 44
22 30
23 32
57 49
19 13
47 39
59 11
20 18
45 55
48 11
47 5
49 10
