55

Pairs
31 30 1
53 40 1
5 32 1
27 17 1
28 1 1
41 31 1
26 36 1
27 11 1
48 43 1
1 38 1
45 27 1
4 22 1
9 23 1
3 37 1
25 32 1
53 7 1
39 19 1
26 44 1
20 50 1
8 46 1
10 46 1
0 50 1
44 54 1
34 21 1
34 49 1
37 34 1
9 10 1
10 4 1

Edges
0 26 6
0 40 19
0 33 8
0 14 10
0 38 9
0 1 18
1 44 14
1 52 6
1 25 7
1 37 7
1 20 2
1 43 12
1 30 19
1 8 20
1 13 8
2 40 3
2 52 15
2 5 12
2 54 14
2 15 11
3 6 3
3 30 12
3 19 19
3 18 6
3 54 20
4 38 13
4 25 10
4 40 10
4 34 3
4 51 6
4 7 2
4 12 2
4 33 7
4 28 13
5 26 20
5 30 14
5 29 16
5 20 18
6 40 19
6 42 12
6 51 10
6 29 16
6 39 16
6 25 10
6 30 8
6 23 8
7 47 5
7 12 7
7 22 3
7 30 4
7 34 15
7 9 3
7 28 7
7 14 18
7 31 15
8 33 5
8 30 12
8 35 8
8 31 6
8 26 20
8 27 20
8 17 11
8 21 5
8 46 10
9 31 16
9 28 6
9 33 14
9 36 14
9 29 5
9 18 9
9 49 17
10 15 7
10 33 11
10 46 13
10 20 17
11 12 6
11 48 19
11 20 6
11 29 4
12 36 14
12 46 13
12 28 20
12 38 14
13 21 14
14 50 5
14 16 17
14 22 3
14 32 7
14 47 3
14 21 9
15 16 4
15 17 19
15 49 16
15 22 7
15 20 4
15 18 18
16 42 10
16 53 13
16 19 16
16 21 20
16 33 20
17 33 16
17 48 12
17 30 17
17 39 12
18 32 13
18 19 10
18 50 2
18 42 11
18 53 20
18 39 16
19 24 8
19 29 11
19 20 11
19 23 9
19 36 11
19 53 20
19 32 11
20 43 13
20 34 6
20 39 5
21 50 16
21 33 20
21 23 12
21 24 11
22 24 15
22 23 7
23 28 2
23 50 5
25 37 10
25 42 8
26 36 14
26 42 12
27 34 12
27 49 9
27 39 3
28 33 9
29 32 11
30 36 8
30 33 7
31 52 13
31 51 15
31 39 7
32 45 18
32 46 18
32 38 18
33 46 13
34 48 10
34 46 9
35 50 3
35 46 2
36 52 12
36 47 12
37 43 10
37 42 5
37 53 19
37 49 19
38 41 16
38 42 13
39 49 13
39 46 6
41 47 10
41 52 3
41 51 18
41 43 3
42 49 9
43 53 9
44 48 11
45 49 4
46 53 6
47 54 17
48 50 4
50 51 7
51 54 8
53 54 18

TollEdges
53 18
39 6
36 12
38 12
21 13
18 15
25 6
6 30
