40

Pairs
27 3 1
38 16 1
6 12 1
7 18 1
23 31 1
7 11 1
28 12 1
30 27 1
15 21 1
11 29 1
17 31 1
4 27 1
18 14 1

Edges
0 6 10
0 15 8
0 13 14
0 3 5
0 16 9
0 27 15
0 20 8
1 8 5
1 3 18
1 14 14
1 21 13
2 25 6
2 38 17
2 37 17
3 11 14
3 22 15
3 18 5
3 23 4
4 16 11
4 18 6
4 36 7
4 12 2
4 20 18
4 8 20
4 14 2
5 36 17
5 39 20
5 22 15
5 13 9
6 24 18
6 9 20
6 12 20
6 13 19
7 9 18
7 35 10
7 36 12
7 10 2
8 35 10
8 25 11
8 19 10
8 18 15
9 17 8
9 39 3
9 27 6
9 37 4
9 35 12
9 24 12
9 28 3
9 34 5
11 35 18
11 13 14
12 20 2
12 29 13
13 38 5
13 25 6
13 30 3
14 23 5
14 24 19
14 26 2
15 27 5
15 29 14
15 22 8
17 39 14
17 37 11
19 21 19
19 37 3
20 34 6
20 28 13
20 30 7
20 33 7
20 23 9
21 32 13
22 28 9
22 33 19
22 25 12
23 25 3
24 37 3
24 35 2
25 28 9
25 33 12
26 29 14
26 34 2
26 38 11
28 29 5
29 33 7
31 34 3
31 35 6
32 36 14
33 39 5
34 35 15
35 39 17
36 37 17

TollEdges
12 20
0 15
15 27
4 18
