30

Pairs
17 10 1
21 26 1
4 15 1
15 26 1
29 28 1
13 6 1
19 5 1
20 10 1
18 20 1
14 29 1

Edges
0 13 3
0 1 20
0 6 9
1 24 7
1 3 8
1 7 17
2 3 2
2 8 8
3 23 16
3 18 9
3 12 3
3 14 13
3 4 7
3 9 10
4 27 14
4 14 2
4 25 16
4 29 19
4 5 5
6 25 20
6 19 13
7 26 20
7 16 20
7 28 16
7 14 14
8 11 11
8 10 14
8 18 7
9 16 7
10 23 16
11 25 20
12 23 7
13 29 6
13 25 7
13 20 7
14 18 17
14 21 18
15 19 20
15 24 18
15 22 3
15 29 20
16 19 9
16 22 18
17 26 15
17 23 17
18 29 5
20 26 10
20 22 15
20 28 15
21 26 8
24 27 15

TollEdges
4 29
18 29
13 29
13 20
1 0
