40

Pairs
29 18 1
33 11 1
19 29 1
0 3 1
14 23 1

Edges
0 36 3
0 6 17
1 34 18
1 31 8
1 8 13
1 9 14
1 17 5
1 3 5
2 22 9
2 33 11
2 10 2
3 39 11
3 37 13
3 16 8
3 19 10
3 7 17
4 21 16
4 29 13
4 26 7
4 13 19
4 22 6
4 7 2
5 11 10
5 10 18
5 34 7
6 37 15
6 15 8
6 10 11
6 7 4
7 37 4
7 9 16
8 14 18
8 10 4
8 37 12
8 12 18
8 19 10
9 12 10
9 25 20
9 22 16
9 17 14
10 36 15
10 11 13
10 27 19
10 18 4
10 39 13
11 15 8
11 23 7
11 29 2
11 13 4
11 27 12
12 39 6
12 16 17
13 25 13
13 23 3
13 31 20
14 18 13
14 39 10
14 22 12
15 16 4
15 24 16
15 28 3
16 26 6
17 23 15
17 21 3
18 37 19
18 21 19
19 21 5
19 24 8
20 24 15
22 23 7
22 35 5
22 29 15
22 33 15
23 39 20
24 26 2
25 28 14
25 27 2
26 30 11
26 29 20
26 28 15
27 38 12
27 35 10
27 37 8
29 39 9
29 30 5
30 37 17
30 39 19
31 39 15
32 33 9
32 34 18
34 36 2
35 38 5

TollEdges
23 11
37 3
18 37
27 35
9 7
24 20
39 3
29 22
27 11
