40

Pairs
19 10 1
33 17 1
10 26 1
22 9 1
34 3 1
8 30 1
35 25 1
39 37 1
35 21 1
31 7 1
11 25 1
15 24 1
22 23 1

Edges
0 3 10
0 27 17
0 9 19
1 16 5
1 25 2
1 14 15
2 6 9
3 24 5
3 34 10
3 17 4
4 16 20
4 28 4
4 11 11
4 13 17
5 20 17
5 15 16
5 16 13
5 39 9
6 15 6
6 22 6
6 36 17
6 26 12
7 25 20
7 33 5
7 32 12
8 37 4
8 9 9
8 16 8
8 31 10
8 39 15
8 36 8
8 24 18
9 32 2
9 31 6
9 16 19
9 30 17
10 38 14
10 21 3
11 28 4
11 31 16
11 15 6
11 18 18
11 14 5
12 30 7
12 28 14
12 35 9
12 38 2
12 29 2
12 26 19
12 15 20
13 16 5
13 32 14
13 30 5
13 19 4
14 22 12
14 15 15
14 16 2
14 21 8
15 20 12
15 37 8
15 22 19
15 34 15
15 36 9
16 39 14
17 31 3
17 29 19
17 28 10
18 20 20
19 25 17
19 33 16
19 34 7
19 26 10
19 35 15
19 38 3
20 38 2
21 34 17
21 23 15
22 34 17
22 37 2
23 34 19
23 31 8
24 30 6
26 33 5
27 31 20
27 36 3
30 33 13
31 32 13
32 34 3
34 38 12
35 37 5
35 38 11
36 37 18

TollEdges
8 16
10 38
19 28
1 16
1 25
3 17
3 24
22 37
8 37
14 22
14 21
35 37
27 36
32 31
9 0
17 28
6 26
32 34
