45

Pairs
21 28 1
28 24 1
25 15 1
15 22 1
18 27 1
23 27 1
13 43 1
8 25 1
16 29 1
5 4 1
6 18 1
34 39 1
2 1 1
14 11 1
32 3 1
18 7 1
4 13 1
43 34 1
29 0 1
8 26 1
5 19 1
18 41 1
25 15 1
35 23 1
22 44 1
1 32 1
5 21 1
25 10 1
24 33 1
21 34 1

Edges
0 36 9
0 22 8
0 14 8
0 9 10
1 32 9
1 16 7
1 6 18
1 29 3
1 15 3
2 6 15
2 36 12
2 24 6
2 29 4
2 10 17
2 15 3
2 39 18
2 11 8
3 12 15
3 7 7
3 16 10
3 15 16
3 31 17
3 25 7
4 40 17
4 21 19
4 19 15
4 11 4
4 10 2
4 14 18
5 34 7
5 7 10
6 16 12
6 11 19
6 31 14
6 7 19
6 23 4
6 21 19
7 30 10
7 8 7
7 19 16
8 23 9
8 39 8
8 21 12
8 37 9
8 29 17
8 44 18
9 20 14
9 38 11
9 16 4
9 43 12
10 22 19
10 32 20
10 17 9
10 39 12
10 26 3
11 23 6
11 21 11
11 37 7
11 36 19
11 22 8
12 22 17
12 20 2
12 24 19
12 35 10
12 14 11
12 13 4
13 39 15
14 28 11
14 35 17
14 26 10
15 43 8
15 20 3
15 29 5
15 33 14
15 27 16
16 25 10
16 23 18
17 39 9
17 31 19
18 39 11
19 22 19
19 43 16
19 41 5
19 42 8
19 31 3
19 34 17
20 37 17
20 41 5
21 30 18
21 35 5
22 29 16
22 40 12
22 42 10
24 38 4
24 37 6
24 31 9
25 35 7
26 31 4
27 44 6
27 29 17
27 36 3
28 37 7
29 36 4
29 34 17
30 37 2
30 42 8
30 32 2
31 40 13
31 43 4
32 43 6
33 36 8
35 37 19
36 42 11
39 42 2
39 44 2
40 44 10

TollEdges
22 29
21 6
6 2
27 15
32 43
