45

Pairs
14 13 1
20 3 1
44 42 1
12 27 1
21 23 1
2 12 1
24 31 1
42 29 1
22 29 1
13 8 1
27 4 1
0 30 1
21 8 1
38 8 1
36 34 1

Edges
0 18 9
0 2 15
0 42 12
0 16 5
0 4 4
1 42 11
1 40 9
1 12 12
1 29 12
1 44 12
1 6 19
1 25 10
2 32 8
2 30 11
2 3 15
2 36 17
3 14 17
3 31 13
3 11 6
3 7 2
3 17 12
3 13 14
4 5 15
4 19 18
5 33 3
5 44 19
5 6 14
5 37 12
5 22 16
5 39 6
6 14 17
6 41 10
7 26 5
7 17 8
7 40 14
7 41 6
8 23 19
8 17 12
8 27 2
8 13 2
8 10 20
9 40 5
9 38 19
10 18 9
11 37 3
11 17 7
11 33 4
12 20 13
12 39 19
12 14 14
12 43 6
12 37 9
13 31 2
13 26 6
14 32 13
14 18 9
14 22 19
14 37 2
14 43 8
14 33 3
15 27 6
16 18 17
16 24 11
16 30 15
16 28 5
16 25 6
16 22 12
16 37 18
17 24 6
17 29 7
17 21 8
17 44 10
17 40 11
18 37 17
18 41 13
19 25 7
19 24 2
19 39 7
20 36 11
20 34 9
20 23 14
20 29 2
21 29 9
21 30 7
21 41 3
22 43 9
22 25 8
22 29 2
23 33 2
23 24 14
23 39 9
23 34 4
25 43 9
25 33 7
26 44 13
28 29 12
28 34 11
29 41 18
29 42 7
30 44 18
30 32 9
31 34 8
31 32 18
32 39 3
33 37 13
33 36 11
34 38 9
34 43 4
35 40 12
36 41 11
37 43 12
37 39 16
37 38 13
39 42 7
41 44 18
41 43 19

TollEdges
44 30
22 43
41 29
1 12
33 25
