40

Pairs
23 17 1
21 10 1
22 10 1
34 36 1
35 1 1
20 38 1
18 2 1
25 39 1
33 23 1
25 8 1

Edges
0 26 6
0 32 10
0 29 2
0 11 10
0 34 20
0 20 16
0 6 2
1 33 13
1 15 6
1 36 14
2 34 7
2 5 3
2 6 12
2 4 3
2 10 7
2 11 7
2 7 5
2 27 18
3 21 16
3 14 14
3 16 5
3 33 14
3 10 12
4 33 15
4 5 14
5 21 8
5 19 16
6 11 19
6 13 19
6 15 3
6 39 7
7 38 2
7 25 6
7 31 15
7 18 11
8 17 19
8 14 17
8 9 11
8 12 11
9 14 18
9 34 7
9 36 18
9 30 12
10 26 10
10 36 12
11 25 5
11 38 7
11 20 5
11 31 14
12 39 3
12 17 20
12 25 20
12 30 3
12 14 9
13 37 16
13 22 19
14 25 7
15 33 6
15 39 8
15 19 19
16 21 20
16 39 5
17 23 8
17 29 4
17 32 3
18 38 13
19 26 6
19 28 6
20 23 16
20 21 11
21 25 20
22 39 9
23 26 17
23 32 11
23 38 20
24 34 4
24 31 15
24 25 11
24 29 4
25 27 20
25 38 11
25 34 11
27 32 20
29 38 3
29 32 10
30 38 19
32 33 16
32 38 18
33 38 15
33 34 6
34 38 13
35 36 7

TollEdges
13 6
7 25
32 38
15 1
0 20
0 26
3 33
32 0
34 24
33 34
23 20
38 23
32 17
