55

Pairs
28 51 1
46 24 1
47 46 1
49 39 1
18 31 1
53 5 1
25 10 1
46 11 1
10 7 1
7 41 1

Edges
0 29 19
1 6 2
1 42 15
1 20 2
1 30 14
1 39 12
1 8 7
1 40 14
1 14 15
1 54 14
1 17 3
2 31 2
2 7 2
2 34 5
3 9 16
3 12 16
3 5 11
3 24 20
4 16 16
4 17 19
4 13 18
4 11 8
4 53 14
4 42 9
4 26 12
4 50 7
5 7 19
5 32 6
5 35 10
5 40 18
5 33 14
5 10 19
5 22 7
6 25 11
6 10 15
6 48 17
6 33 3
6 31 6
7 8 17
7 36 7
7 17 4
7 48 12
8 26 13
8 37 5
8 24 16
8 28 8
8 45 15
8 11 5
8 32 20
9 51 15
9 19 10
9 22 19
9 31 2
9 34 4
9 28 9
9 13 10
10 13 2
10 15 17
10 12 5
10 44 8
10 45 15
11 14 8
11 24 2
11 52 2
12 39 4
12 20 15
12 38 6
12 51 17
12 24 13
13 29 11
13 16 4
13 30 6
13 52 15
13 48 12
14 18 15
14 37 14
14 41 16
14 24 17
14 28 2
14 23 6
15 42 12
15 26 5
15 46 19
15 33 3
15 43 12
15 47 3
16 43 16
16 42 13
16 54 7
16 39 10
16 19 17
17 52 9
17 28 9
17 38 16
17 53 3
18 36 5
18 31 5
18 51 17
18 42 7
18 37 15
18 39 14
19 22 10
19 44 17
19 52 15
19 21 12
20 22 18
20 44 20
20 41 6
21 23 20
21 22 15
21 35 7
21 51 20
22 51 13
22 54 13
22 46 15
22 41 17
22 39 6
23 43 13
23 41 6
24 28 3
24 25 10
25 32 4
25 43 9
25 31 18
25 41 7
26 30 11
27 38 18
27 29 10
27 37 2
27 48 11
27 36 10
27 40 17
28 53 14
28 35 9
28 38 7
29 44 20
29 43 10
29 41 18
30 31 9
31 43 14
31 35 20
31 39 19
32 40 9
32 48 6
32 51 16
33 48 2
33 36 13
33 38 6
33 46 5
33 49 2
34 37 20
34 40 3
35 46 13
36 40 10
37 54 11
37 42 20
37 52 7
37 47 7
37 45 11
38 51 6
39 45 6
40 42 13
41 50 10
41 42 4
41 47 6
41 52 19
42 43 3
42 49 11
43 46 6
43 53 16
43 44 13
44 53 12
45 52 8
47 49 11
51 54 4

TollEdges
18 39
41 52
19 22
16 54
17 38
7 5
28 17
35 28
14 23
8 32
43 16
16 19
46 35
42 49
12 3
45 10
24 25
45 52
21 22
24 12
5 10
36 40
28 53
51 21
4 16
35 5
46 15
38 27
42 41
19 21
16 39
29 44
1 42
45 37
54 22
