30

Pairs
25 2 1
7 11 1
4 11 1
26 12 1
14 4 1
25 1 1
20 21 1
9 27 1
12 17 1
5 0 1

Edges
0 3 14
0 19 18
0 4 7
1 14 2
1 8 10
1 15 11
1 16 16
1 28 14
2 19 6
2 26 15
2 21 9
2 11 16
2 25 7
2 10 5
3 14 2
3 26 10
4 9 14
4 24 16
5 6 10
5 11 13
6 8 10
6 10 20
6 29 6
7 12 17
7 9 10
7 28 9
8 24 13
9 26 13
9 27 2
10 24 13
10 28 16
10 29 16
11 12 8
11 28 10
12 19 5
12 22 14
13 14 16
14 24 7
14 25 15
14 18 11
15 21 12
15 23 9
17 21 15
17 23 20
20 23 18
20 21 8
20 27 8
20 28 14
21 23 17
23 27 15
24 26 16

TollEdges
0 4
12 19
