30

Pairs
21 14 1
6 28 1
14 19 1
6 25 1
9 18 1
11 3 1
19 20 1
24 9 1
7 3 1
3 28 1
11 13 1
15 8 1
14 28 1
17 26 1
18 5 1
27 0 1
12 16 1
11 12 1
20 16 1
12 6 1

Edges
0 2 13
0 29 7
0 5 20
0 23 7
0 3 20
0 7 13
1 12 14
1 2 20
2 25 7
2 29 6
2 6 20
3 23 20
3 25 4
4 5 13
4 19 18
4 7 5
5 16 12
6 20 18
6 7 2
6 13 4
7 27 19
7 15 5
7 16 14
7 9 5
8 11 15
9 20 9
9 24 10
10 24 11
10 26 14
10 15 5
11 27 8
11 17 2
11 20 19
12 27 16
12 16 9
12 20 2
13 20 12
13 14 19
14 26 20
14 22 12
16 22 8
16 26 3
16 18 15
16 20 17
18 21 16
18 27 8
21 22 19
22 26 17
23 26 2
24 28 10
26 27 4

TollEdges
3 23
10 26
24 28
6 7
11 20
6 13
12 16
