60

Pairs
41 54 1
6 11 1
31 27 1
50 59 1
19 55 1
48 13 1
37 2 1
49 38 1
23 19 1
41 40 1
29 16 1
37 18 1
22 44 1
18 56 1
14 6 1
44 54 1
36 46 1
52 27 1
1 41 1
38 21 1

Edges
0 44 12
0 11 16
0 38 4
0 6 4
0 10 8
0 32 9
0 28 11
0 39 6
0 51 17
0 37 2
0 46 20
0 34 13
1 48 12
1 41 17
1 2 5
1 36 19
2 47 11
2 28 18
2 17 7
2 15 18
2 59 11
2 42 10
2 57 7
2 50 9
2 25 5
2 32 20
2 45 14
3 51 16
3 29 12
3 59 20
3 55 17
3 41 15
3 4 14
3 39 15
3 7 9
4 34 11
4 59 15
4 41 20
4 57 18
5 17 12
5 13 15
5 39 2
5 7 19
5 16 8
5 36 4
5 57 2
5 25 17
5 22 15
5 18 6
6 20 3
6 12 16
6 58 9
6 14 7
6 11 6
6 31 5
6 34 14
7 32 5
7 19 14
7 11 5
7 9 5
8 41 17
8 28 3
8 54 7
8 46 19
8 19 15
8 49 15
8 40 11
9 12 10
9 29 3
9 40 2
9 16 15
10 53 10
10 42 19
10 59 2
10 27 12
10 17 14
10 47 18
11 17 5
11 56 9
11 28 8
11 53 4
11 15 5
11 58 20
11 19 18
11 12 19
12 50 9
12 29 10
12 16 2
12 23 17
12 36 18
12 19 17
13 43 12
13 39 3
13 32 14
13 24 20
13 35 8
13 50 11
14 25 18
14 39 17
15 57 14
15 40 8
15 22 17
15 27 20
15 38 16
15 28 14
16 40 4
16 20 4
16 17 6
16 49 20
16 31 8
16 57 4
16 26 6
17 24 3
17 41 11
17 32 5
17 56 12
17 45 6
18 37 9
18 38 3
18 30 6
18 54 20
18 58 14
18 49 10
18 47 15
19 57 11
19 59 19
20 33 17
20 25 9
20 26 18
20 29 16
20 43 3
21 57 9
21 43 9
21 40 17
21 35 11
21 24 8
22 48 18
22 36 11
22 46 4
23 46 14
23 59 4
23 35 19
23 41 19
23 25 12
24 43 4
24 40 14
24 58 8
24 44 13
25 51 4
25 44 12
25 56 14
26 46 4
26 41 8
26 45 17
26 28 12
26 53 14
27 48 13
27 33 19
27 37 13
27 31 13
28 33 16
28 35 18
28 58 8
29 57 14
30 40 15
30 37 14
30 50 14
30 52 8
30 58 8
31 38 17
31 34 2
32 46 3
32 49 9
32 39 18
32 56 13
33 36 2
33 50 4
33 37 13
33 52 19
34 48 16
35 50 8
35 49 14
35 41 3
36 40 5
36 59 13
36 39 17
37 43 9
38 40 18
40 46 15
41 46 12
41 57 15
42 47 4
42 48 12
43 57 10
43 58 13
44 57 20
44 47 13
45 52 4
45 51 18
45 53 10
47 59 19
47 50 6
48 52 8
50 56 11
50 57 4
51 54 11
56 58 12
57 58 17

TollEdges
16 9
30 50
14 25
43 58
2 45
48 34
53 10
50 2
27 15
3 41
17 45
33 20
30 40
28 35
45 52
59 10
39 3
19 8
23 46
28 8
7 11
22 15
34 0
41 57
31 38
29 3
17 2
25 2
40 15
26 53
57 29
48 22
11 56
51 45
21 35
18 54
46 26
12 6
24 13
2 59
12 11
