45

Pairs
20 28 1
32 23 1
28 14 1
16 39 1
21 17 1
27 18 1
30 12 1
15 38 1
8 28 1
26 31 1
15 42 1
33 41 1
4 32 1
0 41 1
38 13 1
32 38 1
44 37 1
19 42 1
22 40 1
35 24 1
33 35 1
38 10 1

Edges
0 32 2
0 10 13
0 33 17
0 35 11
1 37 3
1 44 18
1 11 13
2 31 20
2 18 12
2 15 5
2 5 6
2 24 12
2 30 4
3 38 5
3 44 3
3 41 4
3 8 7
4 42 3
4 14 18
4 28 19
4 7 4
4 33 6
4 19 10
5 38 19
5 39 12
5 6 16
5 21 8
5 34 20
6 8 9
6 30 14
6 9 3
7 34 9
7 17 15
7 20 16
8 21 5
8 30 6
8 13 4
8 20 3
8 37 5
9 27 5
9 35 14
10 30 19
10 34 20
10 28 14
10 18 3
10 44 5
10 23 20
10 31 16
11 14 19
12 42 14
13 35 12
13 20 17
14 40 14
14 33 15
14 24 17
14 41 2
14 22 17
14 44 11
14 23 3
14 28 18
15 34 8
15 21 18
15 18 8
16 41 18
16 17 9
17 38 12
17 18 17
17 32 10
18 42 11
18 21 17
18 23 4
18 27 14
18 20 14
19 41 20
19 38 20
19 31 5
19 23 8
20 25 4
20 36 6
20 21 7
22 37 14
22 35 17
23 29 16
23 24 19
23 27 13
23 36 16
24 39 7
24 34 19
24 25 12
25 42 11
25 37 6
26 31 20
26 28 3
26 43 11
27 41 17
27 35 18
27 31 6
27 29 3
29 32 14
29 33 7
30 43 11
31 34 18
31 36 8
31 41 6
32 34 7
32 33 6
32 40 18
33 41 19
34 35 9
35 39 20
35 42 2
36 44 11
37 41 2
37 40 13
39 40 11
40 41 6

TollEdges
27 23
40 37
29 33
15 34
24 23
