40

Pairs
38 20 1
26 30 1
17 11 1
20 0 1
11 10 1
21 17 1
36 24 1
36 27 1
39 11 1
16 39 1

Edges
0 39 6
0 34 8
0 9 6
0 4 16
1 9 14
1 11 20
1 16 12
2 30 8
2 28 14
2 7 8
2 14 2
2 4 14
3 8 16
3 16 10
3 13 8
3 34 6
3 26 7
4 9 19
4 25 11
4 18 9
4 21 8
4 35 10
4 26 7
5 15 20
5 13 10
5 30 14
5 18 12
5 22 20
5 38 2
5 23 12
5 37 3
6 35 16
6 7 9
6 8 10
6 15 19
6 20 13
7 17 18
7 32 9
7 11 18
7 39 5
7 14 14
8 35 15
8 19 2
8 32 19
9 29 12
9 24 12
9 28 7
9 12 9
9 23 13
10 37 18
10 17 3
10 39 11
10 34 18
11 21 12
11 17 20
11 13 11
11 27 8
12 13 11
13 20 18
13 35 7
14 39 15
15 28 3
15 26 13
15 32 19
15 35 6
16 23 11
16 27 6
17 32 3
18 29 10
19 23 2
20 37 18
20 39 20
20 33 13
21 36 17
22 23 10
22 39 5
22 27 2
22 32 17
23 33 10
24 37 5
24 25 16
24 34 7
25 33 5
28 38 13
28 30 19
29 33 2
29 30 11
29 34 12
30 31 13
30 34 10
30 36 13
32 38 9

TollEdges
10 34
7 2
9 12
39 14
33 25
22 32
22 23
37 10
29 9
