35

Pairs
14 11 1
10 7 1
30 9 1
7 16 1
6 30 1
29 18 1
29 15 1
33 8 1
15 31 1
26 31 1

Edges
0 11 8
1 13 10
1 8 8
1 28 16
2 19 12
2 12 9
2 29 4
2 3 20
3 16 15
3 29 9
3 18 8
3 15 3
3 12 15
3 25 5
3 26 17
3 20 20
3 30 4
4 5 16
4 17 8
4 10 7
4 34 2
5 29 16
5 23 3
5 25 7
5 9 16
5 22 3
5 34 18
6 21 20
6 25 11
6 14 14
6 7 20
7 21 19
7 22 17
7 19 15
8 18 17
8 12 4
8 33 8
8 23 16
10 32 12
11 17 20
11 24 10
11 34 9
12 34 16
12 22 4
12 30 18
12 29 19
13 29 2
13 26 19
13 17 17
13 27 13
14 32 8
14 22 15
14 20 11
16 17 9
17 29 18
20 24 14
20 25 16
20 29 20
20 28 2
21 34 4
21 28 16
22 34 2
22 33 11
23 33 5
23 25 7
24 33 10
25 30 14
25 31 5
29 30 11
33 34 4

TollEdges
3 25
3 30
4 34
22 34
3 15
25 31
3 29
26 13
20 14
33 23
