40

Pairs
9 23 1
15 32 1
20 26 1
2 18 1
4 11 1

Edges
0 3 17
0 28 16
1 28 4
1 27 20
1 9 13
1 33 8
2 7 6
2 19 15
2 14 2
2 25 10
3 27 3
3 26 3
3 20 20
3 11 9
4 30 3
4 32 5
4 31 18
5 23 7
5 26 4
5 17 10
5 18 17
5 24 8
6 20 12
6 26 18
6 30 11
6 16 6
7 18 5
7 13 10
7 17 14
7 23 4
7 31 17
7 27 9
8 27 17
9 17 7
9 28 14
9 15 6
9 16 19
9 18 20
10 16 10
10 21 6
10 13 20
10 11 20
11 14 16
11 15 7
12 37 9
13 30 6
13 27 20
13 31 4
14 39 7
14 28 9
14 38 7
16 31 19
16 22 15
16 30 8
17 33 15
17 23 5
17 35 7
17 22 5
18 21 18
18 38 14
18 25 9
18 36 17
19 37 9
19 28 5
19 26 6
19 27 3
20 35 19
20 28 10
20 34 11
20 24 2
20 27 20
20 23 17
21 37 17
21 22 18
22 23 8
23 37 18
24 34 16
25 32 20
26 28 4
26 35 13
27 30 20
27 28 8
28 39 6
28 32 6
29 35 6
29 36 2
30 39 3
31 33 17
32 33 13
33 34 5
33 37 19
36 38 8

TollEdges
25 32
36 18
35 29
28 1
28 20
28 14
33 1
25 2
13 7
30 39
28 19
7 17
3 27
10 16
36 29
10 13
27 30
39 14
