30

Pairs
25 17 1
22 13 1
4 13 1
29 23 1
21 20 1
6 9 1
27 12 1
6 27 1
24 16 1
16 10 1
20 15 1
5 4 1
6 23 1
28 6 1
17 15 1

Edges
0 7 9
0 13 5
0 26 6
0 10 6
1 2 13
1 13 5
1 14 14
1 23 9
2 7 13
2 28 8
2 26 17
3 19 19
3 4 8
3 6 18
3 20 16
3 12 17
3 5 16
4 20 18
5 24 20
5 12 19
6 21 17
6 26 2
6 17 14
6 14 19
8 15 10
8 23 17
9 13 14
10 13 20
10 12 14
11 12 14
12 16 5
12 19 13
13 22 14
13 26 8
14 20 3
14 29 6
14 27 12
15 24 19
15 26 18
15 22 4
15 19 10
15 17 2
16 21 4
16 26 16
16 19 14
17 20 11
18 23 14
20 23 10
20 28 12
23 25 3
23 24 9

TollEdges
3 4
6 26
6 14
20 23
15 17
