50

Pairs
32 2 1
22 4 1
34 33 1
31 21 1
3 6 1
36 12 1
30 37 1
23 46 1
42 31 1
18 7 1
39 8 1
11 15 1
5 29 1
41 26 1
5 18 1
13 21 1
8 27 1
0 39 1
5 31 1
43 24 1
25 14 1
33 3 1
48 0 1
0 32 1
37 24 1
34 48 1
2 19 1
6 19 1
45 43 1
49 42 1
46 22 1
30 34 1
45 24 1

Edges
0 29 16
0 40 8
0 22 5
0 45 2
0 34 17
0 38 2
0 32 13
1 15 2
1 44 8
1 28 20
1 10 2
1 32 7
2 41 11
2 37 11
2 8 17
2 35 12
2 10 11
3 29 19
3 14 17
3 22 19
3 30 19
3 27 14
4 39 10
4 27 9
4 8 11
4 9 9
4 30 17
4 7 11
4 18 10
5 19 9
5 17 12
5 46 12
5 45 9
5 32 4
5 25 8
6 23 3
6 21 4
6 45 8
7 8 4
7 14 15
7 22 7
7 39 19
8 43 12
8 39 2
8 20 5
8 46 2
8 14 18
8 36 16
9 11 4
9 33 17
10 19 10
10 26 6
10 35 20
10 36 19
11 31 9
11 24 16
11 19 5
11 46 5
12 29 13
12 19 7
13 23 17
13 47 6
14 48 20
14 32 18
14 19 10
14 36 6
14 21 3
14 23 3
15 17 20
15 40 16
15 47 17
16 44 6
16 18 6
16 24 10
16 45 9
16 30 10
16 48 19
16 33 14
17 20 18
17 28 3
17 45 16
17 40 17
17 35 5
17 38 3
17 21 12
18 32 7
18 27 10
18 37 2
18 44 20
19 43 4
19 32 19
19 34 2
19 26 10
19 33 16
20 47 15
20 36 20
21 22 11
21 33 20
21 37 19
21 44 7
21 40 5
22 25 7
22 28 11
22 42 10
22 27 18
23 49 15
23 40 13
23 25 20
24 43 18
24 28 3
26 41 8
26 37 5
26 28 18
26 46 9
26 42 10
27 35 16
27 46 3
27 42 14
28 49 18
29 33 10
29 38 13
29 32 11
30 43 7
30 39 3
31 42 13
31 44 16
31 35 20
31 39 10
31 49 3
32 33 19
32 47 8
32 45 10
34 44 13
35 46 16
36 47 10
36 48 20
37 48 16
38 44 4
39 42 15
39 45 7
39 48 19
39 41 3
43 44 12
45 46 19

TollEdges
11 24
8 43
35 31
27 3
44 43
37 48
35 17
29 12
26 10
34 44
48 36
2 37
10 35
21 6
18 44
38 44
3 22
17 5
7 14
46 5
28 1
0 40
46 35
45 46
26 28
37 26
32 14
2 41
