45

Pairs
17 22 1
14 9 1
9 44 1
13 21 1
12 41 1
25 43 1
42 40 1
23 32 1
6 19 1
42 30 1
22 26 1
15 6 1
44 5 1
15 43 1
36 44 1

Edges
0 8 9
0 11 12
0 9 4
1 15 13
1 34 10
1 12 4
1 19 8
1 39 19
1 2 2
1 6 8
2 22 7
2 39 4
2 34 10
2 3 8
3 29 17
3 31 7
3 26 9
3 42 18
4 33 18
4 28 10
4 11 19
4 34 20
4 44 10
4 10 8
4 20 20
5 20 19
5 44 6
5 29 9
5 8 20
6 10 10
6 31 15
6 29 18
7 16 15
7 18 13
8 42 20
8 25 11
8 24 5
8 37 2
8 9 11
8 23 16
8 30 6
9 19 17
9 39 11
9 16 19
10 27 20
10 17 7
10 44 8
10 25 17
11 20 19
11 29 3
12 19 4
12 14 5
12 39 17
12 17 7
13 37 16
13 44 10
13 32 5
13 23 19
14 42 20
14 23 6
14 22 10
14 29 20
15 17 20
15 40 7
15 43 2
16 44 16
16 39 14
16 37 9
17 21 2
18 41 12
18 34 18
18 26 15
18 30 6
18 37 11
19 27 10
19 42 5
19 34 17
19 24 18
19 33 4
20 33 17
20 36 7
20 38 12
20 32 7
20 42 20
21 22 15
21 26 9
21 39 17
21 40 3
22 37 5
22 41 16
22 40 20
22 39 15
22 26 20
23 26 4
23 32 5
24 33 5
24 41 13
24 37 20
25 34 19
25 29 6
26 33 12
26 38 6
27 40 17
29 34 3
30 40 4
32 38 7
33 39 5
33 44 18
34 43 18
34 42 7
35 42 19
35 39 4
35 43 7
36 37 14
38 41 2
43 44 4

TollEdges
7 18
4 11
24 19
39 2
33 44
27 10
9 16
15 17
29 3
22 14
18 26
12 1
42 8
18 34
16 44
4 20
3 31
41 24
40 30
16 37
14 29
29 11
40 15
