60

Pairs
33 38 1
27 22 1
14 5 1
49 50 1
46 3 1
56 40 1
0 40 1
5 37 1
38 43 1
58 2 1

Edges
0 23 10
0 44 15
0 10 8
0 1 10
0 50 11
1 53 6
1 13 15
1 27 19
1 44 13
1 32 2
1 37 2
1 4 20
2 23 20
2 57 9
2 43 15
2 58 15
2 29 14
2 56 13
3 26 20
3 20 15
3 9 9
3 6 17
3 19 17
3 16 8
3 8 19
4 14 16
4 50 16
4 28 18
4 36 6
4 38 5
5 27 20
5 54 5
5 38 5
5 53 19
5 30 5
5 12 11
5 7 5
6 7 20
6 37 10
6 44 13
6 51 13
6 39 2
6 17 3
6 41 19
6 14 14
6 18 18
6 16 19
7 54 20
7 51 10
7 53 14
7 14 9
7 9 10
7 27 5
7 43 3
8 28 16
8 32 10
8 42 10
8 45 11
8 15 6
9 33 11
9 14 4
10 18 7
10 16 9
10 39 6
10 35 4
10 33 15
10 59 4
10 49 14
10 36 2
10 41 20
11 32 10
11 54 6
11 15 17
11 21 11
12 41 18
12 15 17
12 43 11
12 23 13
12 26 15
12 25 2
12 24 11
12 39 16
13 40 10
13 24 12
13 36 8
14 57 12
14 50 8
14 21 7
15 34 15
15 19 13
15 47 4
15 54 16
15 41 20
15 57 10
16 42 18
16 36 14
16 45 9
16 57 18
16 35 6
16 17 14
16 53 8
17 33 15
17 50 20
17 21 17
18 29 11
18 39 8
18 49 19
18 33 10
18 45 11
18 59 16
18 26 17
19 44 12
19 35 16
19 41 8
19 31 11
19 37 10
19 56 5
19 24 6
20 51 9
20 58 10
20 59 16
21 32 12
21 57 15
21 47 19
21 45 10
22 40 8
22 58 10
22 23 5
22 30 18
22 34 20
22 48 14
23 45 3
23 37 7
23 59 6
23 31 14
23 40 12
23 36 20
23 38 20
24 58 19
24 29 7
24 52 3
24 53 4
24 28 12
24 59 9
24 39 13
24 41 2
25 32 12
26 49 6
27 32 11
27 29 18
27 31 13
27 57 17
27 56 8
27 55 10
27 28 12
27 59 2
27 30 19
28 29 19
29 42 10
29 47 20
29 59 19
29 33 6
30 56 6
30 47 10
30 50 7
31 49 15
31 53 7
31 34 20
31 52 3
31 59 19
32 57 17
33 41 17
33 57 3
34 54 6
35 44 5
35 57 20
35 40 8
36 44 20
37 53 14
37 42 19
38 43 6
38 40 2
39 50 8
40 45 2
40 46 4
40 44 16
40 54 16
40 53 3
41 52 17
41 45 2
41 50 11
41 46 6
42 50 4
42 53 15
43 59 9
45 55 8
45 47 18
46 53 19
46 54 14
47 58 10
48 57 2
49 57 18
50 55 5
51 52 19
51 55 15
51 57 3
54 58 11
57 58 12

TollEdges
28 4
7 6
44 40
13 36
58 57
45 47
12 24
3 9
57 48
57 27
17 33
21 32
23 31
19 3
30 50
2 57
58 24
7 51
12 26
29 47
50 0
27 1
42 16
27 29
58 22
16 35
8 42
15 54
8 3
46 53
4 38
