45

Pairs
37 33 1
21 7 1
29 33 1
37 31 1
6 18 1
2 16 1
31 30 1
40 7 1
2 19 1
8 1 1
36 25 1
9 40 1
2 16 1
4 39 1
31 29 1
20 3 1
5 6 1
44 2 1
44 30 1
12 8 1
14 9 1
40 3 1

Edges
0 16 3
0 24 16
0 7 7
0 27 3
0 31 19
1 4 9
1 43 7
1 3 12
1 22 18
1 6 13
1 44 20
1 41 13
1 24 9
1 33 7
2 15 8
2 9 19
2 44 5
3 28 10
3 37 2
3 38 17
3 6 13
4 36 19
4 43 8
4 40 3
4 42 16
4 23 12
4 31 4
5 35 6
5 39 4
5 44 13
6 40 15
6 25 13
6 41 7
6 22 6
6 30 7
6 32 6
6 19 5
6 44 2
7 34 4
7 42 5
7 41 19
7 36 15
7 31 9
7 19 13
8 32 7
8 43 10
9 15 4
9 24 14
9 38 19
9 33 18
9 32 18
10 33 16
10 32 8
10 19 18
10 38 16
10 25 8
11 34 8
11 18 2
11 28 9
11 24 13
12 15 6
12 42 8
12 13 15
12 35 12
12 41 20
12 28 14
13 16 9
13 42 6
14 32 9
14 43 8
14 21 12
15 43 12
16 27 11
16 33 6
16 22 10
16 44 16
17 26 16
17 20 13
18 31 5
19 36 20
21 31 3
21 37 9
21 36 2
22 23 9
22 32 3
22 33 18
22 36 2
23 42 4
23 38 11
24 34 18
24 38 10
24 30 7
24 26 14
25 32 15
26 30 5
26 37 2
26 31 19
26 38 18
26 40 4
27 30 18
27 29 2
28 33 4
28 37 15
28 38 3
29 30 6
30 43 17
30 41 13
31 32 20
33 40 7
33 36 16
33 43 8
34 41 14
35 44 15
39 43 3
39 42 4
40 43 5

TollEdges
3 28
28 12
7 42
19 36
15 2
7 19
6 41
41 1
42 13
9 38
12 41
16 22
32 8
5 39
31 32
24 11
19 10
0 24
16 13
21 14
6 32
27 16
31 26
