35

Pairs
24 27 1
27 11 1
22 34 1
9 6 1
13 27 1

Edges
0 21 7
0 16 14
0 5 7
0 28 16
0 33 2
1 24 4
1 3 13
2 30 10
2 27 10
2 8 3
3 5 11
3 32 7
3 18 10
3 10 3
4 14 2
4 15 3
4 23 2
4 32 2
4 26 6
5 24 19
5 17 8
5 33 5
5 12 4
6 19 15
7 29 8
7 21 11
7 22 14
7 18 13
7 31 4
8 16 15
8 27 16
8 32 3
8 30 10
9 26 18
9 12 2
10 14 12
10 20 4
10 26 14
11 13 8
11 15 4
11 21 17
11 26 13
11 19 12
12 16 11
13 14 19
13 30 15
13 34 20
14 32 14
15 16 8
16 30 9
16 24 8
16 31 13
18 19 15
18 31 19
18 32 6
18 29 17
19 21 19
20 23 4
20 33 3
21 29 15
22 24 12
23 33 9
24 29 9
25 31 8
27 29 20
27 33 13
28 33 12
28 30 12
28 29 10
30 32 2

TollEdges
15 16
11 15
8 32
2 8
2 27
3 32
32 30
