55

Pairs
30 43 1
26 4 1
4 46 1
25 10 1
20 23 1
3 27 1
45 4 1
35 20 1
6 3 1
15 50 1
23 24 1
38 15 1
21 3 1
38 3 1
48 22 1
42 19 1
7 9 1
3 50 1
48 32 1
18 8 1
14 18 1
26 15 1
13 29 1
20 9 1
15 0 1
20 6 1
2 21 1
39 35 1
47 9 1
26 9 1
0 26 1
14 54 1
19 1 1
25 38 1
37 6 1
11 53 1
1 35 1

Edges
0 40 7
0 41 15
0 38 3
0 13 13
0 8 4
0 5 7
0 29 13
1 42 11
1 22 4
1 41 7
1 14 8
1 20 16
1 32 7
1 24 12
1 51 20
1 53 14
2 37 15
2 14 7
2 16 11
2 12 2
3 33 17
3 19 19
3 5 16
3 43 15
3 36 15
3 47 9
4 49 13
4 40 15
4 35 15
4 29 14
4 8 3
5 9 12
5 25 9
5 8 3
5 39 11
5 31 12
5 13 13
5 21 2
5 33 9
6 38 18
6 22 3
6 31 18
6 41 2
6 11 6
6 15 2
7 40 9
7 43 8
7 22 12
8 52 6
8 12 7
8 14 4
8 27 4
8 19 7
9 39 14
9 42 17
9 11 3
9 15 7
9 29 2
10 25 8
10 38 15
10 39 9
10 46 17
10 34 2
10 20 6
10 50 20
10 18 14
10 29 13
10 32 5
10 26 9
10 22 20
11 18 16
11 44 3
11 49 14
11 14 10
11 48 7
11 47 13
12 18 2
12 21 4
12 19 10
12 25 2
12 38 9
13 52 12
13 28 3
13 45 15
13 24 20
14 23 10
14 43 9
14 44 6
15 43 19
15 48 9
15 22 8
15 18 9
16 22 7
16 35 8
16 34 4
16 42 12
16 46 19
17 54 4
17 25 4
17 30 15
17 20 5
17 38 17
17 51 4
17 42 18
18 54 2
18 33 13
18 46 7
18 47 12
19 45 13
19 28 5
19 34 4
19 37 20
19 33 12
19 36 13
20 23 9
20 53 4
20 35 12
20 33 8
20 34 2
20 27 9
21 48 7
21 24 6
21 25 5
22 23 17
22 31 12
23 46 16
23 49 9
24 34 7
24 32 18
24 39 4
25 35 13
25 42 2
25 31 4
25 45 6
25 28 10
25 44 6
26 52 4
26 44 3
26 47 7
26 48 2
26 32 10
27 30 8
27 36 8
27 42 10
28 41 20
28 48 15
28 35 5
29 44 16
30 46 4
30 31 14
30 37 8
30 39 4
31 35 8
31 39 4
31 44 3
31 45 13
32 37 11
33 40 11
34 44 18
35 43 17
35 38 12
36 51 10
36 53 3
37 45 3
38 46 4
38 41 15
39 41 2
39 54 16
40 51 8
41 44 7
45 49 19
48 54 10
50 53 10
50 51 15
51 52 17

TollEdges
46 16
3 19
48 54
17 54
39 10
43 7
29 4
38 10
2 37
28 35
45 49
25 31
19 33
15 18
13 24
4 49
11 49
9 42
10 26
33 18
5 9
14 11
25 5
1 53
23 14
38 17
