45

Pairs
7 36 1
0 2 1
23 16 1
33 2 1
25 36 1
27 34 1
37 39 1
35 20 1
35 10 1
26 32 1
14 17 1
12 5 1
2 4 1
16 42 1
40 2 1

Edges
0 17 14
0 3 13
0 11 20
0 5 7
1 24 19
1 11 6
1 3 2
1 36 8
2 43 20
2 29 8
2 41 18
3 37 15
3 39 20
3 11 19
3 13 8
4 14 14
4 38 13
4 35 17
4 40 3
5 20 6
6 16 16
6 19 15
6 33 13
6 9 14
7 20 16
7 23 5
7 24 18
7 35 3
7 19 13
7 15 15
7 43 17
8 35 19
8 39 3
8 31 18
8 32 9
9 13 12
9 12 19
9 42 3
9 21 6
9 16 14
10 44 3
10 18 16
10 25 2
10 13 11
11 13 9
11 22 19
11 27 17
11 23 13
12 39 12
12 17 16
12 36 2
12 14 8
13 18 11
14 23 16
14 18 16
14 40 9
14 15 9
15 23 15
15 42 14
15 17 8
16 33 3
16 23 3
16 21 13
16 32 7
16 18 9
17 44 20
17 19 2
18 30 2
18 24 3
18 29 7
19 29 5
19 30 13
19 27 19
19 41 4
20 33 12
20 37 12
22 36 4
22 34 8
22 42 15
22 26 10
23 26 20
23 29 19
23 37 12
23 42 11
23 44 18
23 41 20
24 44 18
25 28 19
26 27 6
27 44 17
27 37 16
27 40 20
27 29 14
28 37 15
28 33 3
29 36 6
29 43 19
29 39 16
30 42 16
30 40 17
31 32 17
31 35 13
32 39 12
32 40 4
33 37 16
34 37 4
35 40 20
36 41 14
36 37 12
37 42 9
37 38 12
37 43 11
37 41 5
38 39 17
38 41 6
39 41 14

TollEdges
33 6
37 23
22 42
29 39
20 33
24 18
4 40
9 21
23 41
21 16
24 44
