35

Pairs
19 28 1
18 6 1
32 25 1
27 6 1
31 3 1
8 6 1
22 17 1
7 4 1
12 27 1
17 15 1
12 15 1
4 17 1
27 2 1
15 6 1
2 5 1
5 16 1
19 14 1
6 10 1
34 12 1
6 3 1
25 8 1
26 21 1
10 25 1

Edges
0 23 2
0 30 5
0 13 14
0 8 2
0 1 9
1 20 10
1 15 9
1 25 17
1 11 16
1 6 4
2 15 2
2 9 20
2 11 6
2 7 7
2 5 4
3 29 2
3 34 18
4 22 8
4 20 18
5 23 8
5 10 13
5 31 12
5 30 13
5 12 19
5 29 8
5 11 10
5 16 11
5 14 3
5 28 3
6 22 12
6 15 16
6 18 16
7 21 11
7 25 9
7 12 14
7 24 8
8 25 20
8 17 7
8 11 6
8 16 18
9 14 6
10 13 7
10 18 2
11 29 19
11 14 20
11 23 13
11 26 8
11 34 12
12 27 17
12 15 20
13 17 4
14 18 5
16 19 12
17 31 17
18 31 3
18 28 3
18 25 14
19 22 8
20 34 19
21 31 18
21 22 11
22 32 13
22 29 13
22 24 5
22 25 18
24 26 7
24 27 6
25 28 11
28 31 5
30 33 20

TollEdges
2 5
4 22
22 24
24 26
5 16
6 22
3 29
5 28
10 18
7 24
