35

Pairs
6 10 1
20 9 1
27 23 1
16 30 1
15 22 1
2 9 1
16 5 1
34 21 1
19 11 1
25 17 1
2 18 1
13 31 1
17 27 1
5 10 1
30 31 1
28 10 1
3 2 1
22 16 1

Edges
0 15 2
0 22 18
0 6 10
1 5 20
1 27 3
1 24 2
2 31 7
2 8 14
2 32 9
2 7 14
3 16 12
4 27 7
4 31 8
4 30 4
5 31 11
5 17 13
6 13 8
6 12 2
6 17 19
6 7 5
6 34 16
7 10 16
7 19 3
7 23 5
8 32 7
8 9 12
8 24 5
8 18 16
9 15 10
9 13 20
9 31 8
9 32 11
10 14 3
10 22 11
10 32 15
11 24 20
11 21 13
11 20 19
12 21 9
12 15 5
12 25 3
12 23 18
12 31 17
13 33 12
14 22 3
14 23 3
14 16 12
14 17 10
15 20 3
15 32 14
15 27 20
16 28 20
16 31 7
17 26 13
17 18 2
17 32 6
18 27 19
18 30 13
18 19 11
18 25 13
21 28 13
23 33 2
23 34 8
24 28 17
25 29 2
26 29 19
26 32 18
27 34 14
29 33 12
32 33 12

TollEdges
2 31
17 18
16 31
10 14
6 7
6 12
4 31
