55

Pairs
30 2 1
51 40 1
15 19 1
8 25 1
53 22 1
4 26 1
8 52 1
16 1 1
37 38 1
16 2 1
35 49 1
24 50 1
0 51 1
0 11 1
30 50 1
54 19 1
31 15 1
2 41 1
48 2 1
54 42 1
5 23 1
26 14 1
9 36 1
4 36 1
32 41 1
4 41 1
51 54 1
22 25 1
28 37 1
29 38 1
21 53 1
10 47 1
39 6 1
10 51 1
28 23 1
38 4 1
4 16 1

Edges
0 24 11
0 21 2
0 22 10
1 28 14
1 45 4
2 19 10
2 54 18
2 53 3
2 17 10
2 34 18
2 29 8
2 36 13
2 25 6
2 31 19
3 49 4
3 42 13
3 22 2
3 54 10
3 27 12
4 39 17
4 51 13
4 31 18
4 41 9
4 18 5
5 47 12
5 22 10
5 33 3
5 38 3
5 41 8
5 37 9
5 7 10
6 47 8
6 29 13
6 13 14
6 27 12
6 21 4
6 33 19
6 53 9
7 47 4
7 53 8
7 28 5
8 14 16
8 51 3
8 11 7
8 45 9
8 48 3
8 26 5
8 49 15
9 53 20
9 13 13
9 21 10
9 25 12
10 21 16
10 16 6
10 27 19
10 32 2
11 28 9
11 26 7
11 54 14
11 18 7
12 41 7
12 16 18
12 27 16
12 15 16
12 39 12
12 48 14
13 22 6
13 51 7
13 34 9
13 53 12
13 39 11
13 44 15
13 52 16
14 47 11
14 26 15
14 51 4
14 37 16
14 25 8
15 33 18
15 19 16
15 38 12
15 27 7
16 24 10
16 47 2
16 36 17
16 54 2
16 25 4
16 34 5
16 23 19
17 40 18
17 33 11
17 30 5
17 54 14
17 47 14
17 39 5
17 37 11
18 23 8
18 50 17
18 34 10
18 29 2
18 51 2
19 49 3
19 37 12
19 21 4
19 52 4
19 25 3
19 54 18
20 37 19
20 42 20
20 39 7
20 33 6
21 33 19
21 34 7
22 24 10
22 34 14
23 28 11
23 26 10
23 52 17
24 39 7
24 41 3
24 49 18
25 40 12
25 39 19
25 51 2
25 42 6
26 41 6
26 45 17
27 52 20
27 48 2
27 41 12
28 45 18
28 34 6
28 42 6
28 52 6
28 43 19
29 54 13
29 51 3
29 43 10
30 35 12
30 42 14
30 32 18
31 48 4
31 33 15
31 45 3
31 47 10
32 47 5
32 54 12
32 43 8
33 37 3
33 44 7
33 47 19
35 38 8
36 53 10
37 53 9
37 52 20
37 39 15
38 49 9
38 46 5
39 49 9
39 53 7
39 41 16
39 45 13
40 43 16
40 51 8
40 48 19
41 52 17
46 48 8
46 50 3
47 50 3
47 54 13
47 52 16
48 49 14
48 52 2
49 51 17
51 52 14

TollEdges
21 33
41 27
16 36
39 20
21 34
23 16
24 22
54 29
