50

Pairs
25 4 1
27 29 1
38 4 1
5 17 1
6 5 1
35 33 1
7 30 1
33 0 1
25 3 1
31 10 1
36 30 1
30 36 1
4 20 1
21 33 1
39 35 1
33 43 1
6 28 1
29 0 1
34 3 1
40 3 1
20 43 1
14 26 1
45 10 1
34 26 1
0 39 1

Edges
0 38 14
0 45 19
0 8 9
0 7 17
1 25 14
1 21 7
1 3 15
1 18 4
2 10 7
2 42 11
2 41 8
2 19 15
3 15 6
3 33 14
3 24 10
3 7 13
3 27 8
3 49 14
3 46 14
4 32 6
4 17 5
4 30 9
4 15 10
4 38 20
4 44 8
4 40 18
5 20 18
5 7 8
5 41 9
5 23 19
5 42 16
5 37 2
5 35 17
6 11 12
6 48 13
6 10 10
6 14 18
6 18 2
7 9 15
7 46 2
7 24 15
7 29 20
8 47 10
8 11 20
8 18 17
9 31 10
9 15 20
9 39 15
9 21 11
10 35 5
10 39 16
10 20 15
10 18 16
10 46 9
11 42 3
11 13 15
11 14 19
11 27 2
12 14 10
12 36 5
12 20 11
12 22 8
12 43 12
12 38 9
13 20 8
13 29 2
13 24 3
14 46 5
14 44 16
14 38 7
15 18 9
15 37 12
15 26 5
15 20 7
16 38 18
16 42 10
16 44 7
16 47 20
17 33 4
17 27 16
17 30 12
18 27 4
18 23 6
18 26 16
18 29 7
19 44 15
20 33 19
20 49 12
21 30 9
21 42 3
22 44 19
22 49 2
22 33 8
22 42 12
22 41 18
22 26 14
23 26 2
23 46 16
23 37 14
23 28 8
24 26 6
24 31 12
25 33 6
25 32 10
25 37 20
26 46 16
26 31 16
26 39 9
26 36 3
26 29 8
26 35 6
27 35 7
27 32 8
27 29 13
27 48 14
27 49 2
28 38 10
28 40 19
28 35 8
28 46 10
29 32 13
30 36 8
30 45 10
30 33 4
30 35 13
31 48 6
32 35 19
32 42 13
32 37 18
33 38 19
33 40 15
33 47 16
34 39 14
35 46 7
35 42 8
35 38 13
36 40 16
37 49 5
37 38 2
40 48 8
41 44 18
43 47 13
43 44 10
45 49 17

TollEdges
11 27
28 40
37 32
26 24
1 3
27 17
40 4
46 10
7 9
14 11
9 31
42 21
19 44
1 21
47 33
28 38
26 29
3 7
46 26
19 2
18 26
20 33
38 33
38 35
31 48
16 42
5 20
27 29
