60

Pairs
9 34 1
58 48 1
54 45 1
56 28 1
49 15 1
39 40 1
1 5 1
49 5 1
44 11 1
53 33 1
58 37 1
51 56 1
33 44 1
13 4 1
29 39 1
2 51 1
53 8 1
13 15 1
51 26 1
37 58 1
30 31 1
9 44 1
21 11 1
49 29 1
42 44 1
29 9 1
22 55 1
15 53 1
50 47 1
50 25 1
8 15 1
59 57 1
16 38 1
7 57 1
36 52 1
53 32 1
35 59 1
54 13 1
48 6 1
36 21 1

Edges
0 6 4
0 52 7
0 36 15
0 7 10
0 44 10
0 10 10
0 37 11
1 39 13
1 5 18
2 54 11
2 50 17
2 51 9
2 38 8
2 7 15
3 54 16
3 26 17
3 23 5
3 51 10
4 49 12
4 17 5
4 14 19
4 34 18
4 28 15
4 24 13
4 10 2
4 33 2
4 7 9
4 37 11
5 29 14
5 46 16
5 16 13
5 14 5
5 17 9
6 42 11
6 59 3
6 13 12
6 32 20
6 27 14
7 10 9
7 14 17
7 38 14
7 31 10
7 20 20
7 57 7
7 37 18
7 42 3
7 48 13
8 23 5
8 38 19
8 27 9
8 43 14
8 18 20
8 34 10
8 12 12
8 20 12
8 44 11
9 53 12
9 30 2
9 10 4
9 24 6
9 47 7
9 23 20
9 15 11
9 16 3
9 34 7
9 46 4
10 40 5
10 56 13
10 19 17
10 52 16
10 54 16
10 58 2
10 50 17
11 46 20
11 19 13
11 37 16
11 18 8
11 25 19
11 47 16
12 38 14
12 58 20
12 37 7
12 25 6
12 53 3
12 21 20
12 14 11
13 55 18
13 35 4
13 16 3
13 20 14
13 21 10
14 40 3
14 59 2
14 53 13
14 22 8
14 18 18
14 49 7
14 23 13
14 47 14
14 56 6
15 46 15
15 23 12
16 40 15
16 55 4
16 38 8
16 56 15
16 37 10
16 27 2
16 17 16
16 54 20
16 45 4
17 47 17
17 24 15
17 27 13
17 36 7
17 21 4
18 30 11
18 44 5
18 57 17
18 43 8
18 36 12
19 22 11
19 23 16
19 51 17
19 26 7
19 27 16
20 59 13
20 54 16
20 58 11
20 33 16
20 44 7
20 35 14
21 33 19
21 24 12
21 36 20
21 35 17
21 23 12
21 47 10
22 53 9
22 58 4
22 30 2
22 41 7
23 41 5
23 34 5
23 58 13
23 56 7
24 57 12
24 26 13
24 40 5
24 31 17
24 43 9
24 49 16
25 45 4
25 50 13
25 37 5
26 57 9
26 36 11
26 55 7
27 43 20
27 41 10
27 47 5
28 30 6
28 51 8
29 39 11
29 51 14
29 53 9
29 30 8
30 42 19
30 55 18
30 51 15
30 59 9
31 53 7
31 42 17
32 59 14
32 58 16
32 37 15
32 54 11
32 49 13
32 38 2
33 35 16
33 49 4
33 54 8
34 45 19
34 46 9
35 43 6
35 46 12
37 43 14
38 46 9
39 55 16
39 57 15
40 41 5
41 48 6
42 59 9
43 50 11
43 49 2
44 54 20
44 55 14
45 57 16
46 48 6
48 57 20
48 51 13
51 59 8
51 54 7
51 52 5
52 56 2
53 59 5
54 58 4
56 58 13

TollEdges
28 30
46 11
23 41
26 55
41 22
9 23
40 24
49 32
14 12
24 9
