30

Pairs
20 16 1
17 28 1
23 20 1
7 13 1
3 8 1
2 3 1
12 29 1
7 18 1
5 28 1
5 23 1

Edges
0 18 3
0 7 4
1 28 2
1 29 19
1 8 2
1 15 8
1 23 2
2 20 6
2 27 6
2 9 6
2 19 15
2 22 12
2 28 7
2 17 13
3 8 3
3 4 14
4 6 16
4 13 7
4 9 16
4 26 9
4 24 8
5 27 11
5 17 9
6 27 4
7 27 16
7 25 9
8 18 20
8 26 14
8 28 4
8 11 20
9 25 18
10 23 8
11 20 8
11 27 16
11 13 16
12 15 8
13 28 14
13 19 9
14 18 20
14 27 13
15 21 16
16 18 16
17 18 10
17 29 6
18 19 5
20 26 16
21 28 9
21 27 8
22 27 12
22 26 10
23 24 13

TollEdges
2 28
3 8
5 27
1 28
2 20
0 7
18 19
