50

Pairs
1 21 1
9 49 1
12 29 1
21 48 1
44 45 1

Edges
0 1 18
0 28 10
0 5 17
0 22 10
0 43 9
0 15 11
1 48 4
1 5 20
1 35 19
1 17 13
1 47 5
2 25 7
2 27 7
2 23 5
2 43 19
2 38 18
3 46 3
3 29 6
3 12 18
4 34 13
4 12 10
5 32 2
5 20 2
5 42 15
5 44 20
5 22 7
6 37 18
6 7 9
6 18 9
6 25 19
6 38 5
6 14 10
7 39 4
7 41 14
7 42 10
7 33 16
7 13 16
7 23 14
7 27 8
8 40 20
8 42 8
8 33 19
8 16 10
8 41 20
9 22 7
9 38 15
9 34 15
9 17 15
9 45 2
9 46 10
9 12 11
9 20 8
9 33 5
10 17 17
10 32 20
10 42 4
11 18 2
11 16 19
12 44 8
12 25 12
12 16 4
13 24 7
13 34 6
13 43 7
13 17 4
13 41 13
14 46 16
14 44 9
14 40 8
14 27 2
14 42 9
15 28 11
15 32 15
16 27 17
16 25 19
16 34 20
17 40 20
17 46 6
18 36 10
18 31 6
18 47 6
18 23 20
18 41 5
18 42 20
19 31 11
19 22 5
19 25 9
19 23 9
19 27 10
20 22 12
20 29 10
20 26 9
20 48 8
21 39 19
21 45 11
21 28 18
21 36 19
22 29 10
22 40 17
22 30 8
22 44 2
23 31 16
23 28 16
23 43 3
23 45 15
23 42 20
24 35 16
24 26 20
25 46 19
26 47 9
26 30 3
26 46 19
26 40 14
26 49 4
26 45 13
27 36 14
27 42 8
28 47 6
28 40 11
28 42 6
28 37 4
29 49 10
29 30 20
30 42 9
30 38 8
30 39 14
30 48 3
30 47 14
31 42 6
32 37 18
33 39 7
33 40 16
33 35 16
33 45 4
34 47 19
34 38 12
34 48 3
35 44 15
36 43 15
39 42 10
41 45 19
44 47 16
44 49 17
46 47 10

TollEdges
13 17
15 28
12 4
35 44
6 37
42 39
31 18
44 5
5 20
23 18
13 24
30 22
16 34
1 35
40 17
33 40
17 10
47 18
42 27
20 26
23 31
