45

Pairs
5 14 1
9 2 1
38 23 1
36 27 1
7 2 1
27 1 1
29 16 1
7 3 1
25 16 1
12 31 1

Edges
0 1 8
0 24 2
0 37 16
0 40 19
0 10 13
1 36 2
1 44 20
1 37 9
1 2 13
1 38 14
1 26 20
2 36 20
2 18 13
2 9 9
2 39 2
2 31 19
3 26 11
3 35 8
3 14 10
3 40 13
3 32 3
3 4 2
3 24 8
3 20 9
4 39 20
4 43 16
4 16 20
4 37 10
4 40 15
5 32 11
5 11 15
5 28 17
5 44 13
6 33 20
6 28 16
6 36 8
6 26 9
6 22 12
6 10 14
6 42 5
7 17 16
7 24 4
7 32 14
7 41 10
7 36 8
8 31 5
8 24 15
8 28 14
9 20 13
9 18 20
9 31 2
10 11 10
10 17 3
10 19 12
10 18 11
11 13 15
11 20 4
11 24 10
11 31 10
12 34 8
12 40 8
12 24 18
12 18 11
13 41 11
14 21 7
14 43 17
14 27 20
14 39 8
15 29 11
15 38 2
16 19 15
16 37 15
17 29 9
17 35 6
18 19 2
18 21 4
18 27 18
19 30 8
19 37 20
19 28 13
19 25 17
19 24 18
20 41 16
20 31 18
20 30 9
21 29 15
21 23 10
21 42 13
21 28 16
22 23 10
22 32 17
23 25 9
23 28 17
24 39 6
24 32 15
24 42 19
25 34 6
25 33 7
25 39 15
26 34 9
27 40 6
27 30 17
29 36 18
29 39 15
29 42 8
30 36 13
30 38 14
31 41 20
31 34 8
32 41 13
33 34 8
33 42 6
35 42 15
35 44 19
39 42 3
40 41 9

TollEdges
39 42
11 13
0 1
1 37
24 32
42 6
1 26
8 24
36 7
4 39
24 12
