50

Pairs
15 34 1
12 4 1
41 11 1
18 9 1
5 25 1
13 31 1
43 18 1
37 22 1
21 4 1
47 13 1
4 25 1
9 34 1
40 32 1
11 10 1
24 38 1
43 8 1
4 44 1
7 18 1
18 21 1
7 47 1
6 32 1
31 26 1
5 48 1
34 24 1
42 48 1

Edges
0 32 5
0 18 15
0 23 8
0 8 16
0 12 16
1 40 13
1 37 7
1 42 7
1 3 8
1 13 8
2 31 10
2 19 11
2 48 13
2 22 16
2 11 7
3 10 5
3 49 16
3 14 3
3 13 4
3 4 17
4 42 3
4 20 16
5 36 19
5 41 15
6 20 10
6 45 18
6 40 14
6 19 15
6 30 8
6 12 8
7 14 14
7 34 18
7 32 18
7 17 13
7 45 15
8 44 20
8 12 4
8 15 19
8 35 3
8 34 14
8 32 6
8 22 6
9 33 4
9 19 3
10 17 13
10 15 2
10 21 15
10 16 13
11 20 4
11 36 12
12 34 4
12 26 4
12 35 17
13 16 8
13 47 19
13 46 6
14 49 14
14 30 3
14 35 15
15 22 6
15 45 11
15 24 12
15 39 11
16 24 8
16 41 6
16 38 8
16 27 6
16 29 20
17 25 4
17 48 6
17 39 12
17 44 2
18 25 15
18 24 13
18 20 9
18 49 12
18 19 5
18 27 3
19 29 16
19 45 13
19 37 7
19 24 7
20 26 5
21 34 6
21 35 9
21 47 4
21 24 10
21 23 13
21 43 7
21 33 20
21 42 6
21 32 4
22 26 10
22 44 10
22 29 10
23 45 9
23 46 11
24 34 4
24 35 16
25 34 11
25 41 5
25 32 7
25 28 8
26 43 4
26 27 7
26 49 9
26 42 11
26 38 7
27 40 18
27 37 5
27 39 20
27 45 19
27 38 5
28 31 16
28 39 9
29 35 3
29 36 9
29 37 4
30 39 16
30 49 13
30 42 11
31 42 8
31 35 16
32 39 3
32 37 11
33 42 6
34 45 10
34 44 3
35 42 20
36 40 9
37 41 4
37 49 18
38 48 16
38 46 19
38 41 7
38 45 9
38 47 4
38 43 9
39 47 20
40 48 5
41 47 5
42 47 15
42 48 10
48 49 13

TollEdges
33 21
20 18
49 37
7 14
46 13
29 35
2 31
