55

Pairs
31 39 1
48 52 1
42 36 1
50 38 1
8 20 1

Edges
0 6 5
0 52 17
0 41 6
0 39 8
0 48 4
0 1 18
0 21 4
1 41 8
1 39 4
1 48 18
2 12 4
2 50 9
2 13 2
2 35 8
3 17 6
3 36 11
3 44 16
3 20 13
3 22 7
3 52 8
4 15 16
4 24 7
4 52 9
4 23 9
4 30 10
5 33 20
5 15 8
5 36 7
6 39 18
6 27 3
6 23 20
6 40 20
6 9 15
6 8 5
6 19 6
6 14 2
7 24 10
7 13 12
7 26 4
7 20 12
7 14 9
8 22 15
8 19 2
8 28 3
8 47 3
8 38 2
9 49 8
9 30 5
9 38 8
10 17 8
10 19 19
10 11 14
10 21 7
11 19 16
11 14 7
11 47 6
11 27 15
11 44 5
11 45 18
11 33 10
11 29 18
12 49 15
12 54 20
12 33 12
12 14 15
12 39 19
13 16 16
13 21 8
13 17 20
13 20 11
13 43 13
14 18 17
14 26 20
14 39 19
14 41 2
14 47 19
14 22 2
14 19 17
15 49 14
15 18 15
15 42 13
15 17 14
16 47 19
16 35 4
16 31 6
16 51 10
16 44 4
17 25 5
17 53 7
17 30 15
18 43 5
18 42 2
18 36 18
18 51 6
19 50 18
19 39 5
19 29 9
19 20 6
19 54 12
20 29 11
20 25 19
20 41 3
21 28 14
22 26 7
22 37 18
22 25 19
22 27 18
22 41 6
22 34 17
22 33 14
23 33 2
23 47 18
24 41 2
24 47 5
24 26 19
25 35 18
25 38 19
25 28 5
25 41 9
26 41 2
26 33 3
27 32 19
27 36 16
27 50 5
27 40 2
28 53 20
28 39 2
28 32 10
29 40 20
29 32 4
29 45 11
29 49 18
30 47 5
30 52 14
30 36 13
30 44 11
31 48 12
31 33 2
31 50 14
32 52 3
32 33 14
32 45 17
32 53 5
33 36 14
33 37 4
33 40 13
33 53 14
34 51 4
34 41 20
34 35 20
34 46 6
35 48 5
35 53 15
35 44 8
35 45 19
37 54 9
37 46 10
37 51 19
37 47 14
37 49 3
38 52 18
38 39 13
39 53 15
40 49 18
40 47 3
41 48 11
41 46 12
42 47 5
43 52 4
44 52 17
44 49 2
45 54 17
46 49 15
47 53 12
50 53 10

TollEdges
32 28
23 4
26 7
5 36
39 19
33 40
38 25
47 8
5 15
13 7
12 14
41 48
46 37
11 10
13 16
35 2
6 23
39 38
43 13
8 22
41 34
54 19
18 43
18 15
22 37
41 24
53 50
7 20
47 40
48 35
3 20
31 16
31 50
8 28
17 25
