60

Pairs
55 24 1
38 53 1
32 9 1
17 4 1
31 1 1

Edges
0 21 8
0 49 6
0 16 14
0 20 10
0 46 16
0 40 18
1 38 20
1 34 7
1 41 14
1 7 16
1 11 5
1 27 5
1 2 20
2 51 19
2 42 5
2 59 4
2 22 10
2 9 6
2 43 17
3 37 16
3 38 18
3 20 19
3 42 13
3 52 4
4 42 19
4 52 17
4 25 11
4 20 2
4 29 15
5 58 8
5 42 17
5 9 17
5 14 15
5 6 2
5 54 12
5 49 4
5 30 19
5 51 13
5 47 16
6 9 6
6 38 9
6 54 18
6 16 6
6 48 7
7 17 19
7 16 7
7 41 5
7 53 19
7 44 20
7 20 2
7 22 14
8 24 2
8 20 17
8 17 20
8 42 14
8 36 18
8 55 16
8 28 11
8 35 9
8 46 6
9 52 3
9 47 17
9 11 20
9 16 18
10 36 19
10 55 7
10 30 9
10 14 3
11 16 3
11 54 8
11 23 9
11 15 13
11 32 15
11 50 7
11 19 20
12 47 10
12 41 12
12 31 13
12 43 13
12 33 4
12 27 18
12 38 5
12 54 19
13 25 11
13 27 15
13 33 9
13 37 19
14 55 14
14 28 15
14 51 5
14 44 3
14 19 8
14 34 3
15 38 19
15 57 5
15 48 5
15 44 2
15 25 6
15 37 6
16 52 8
16 50 16
16 53 20
16 45 19
17 52 2
17 55 17
18 45 12
18 25 20
18 29 3
18 44 11
18 52 13
18 49 4
18 19 3
18 46 12
18 39 5
19 33 10
19 21 15
19 55 13
20 51 10
20 33 18
20 54 7
20 29 10
21 25 8
21 36 4
21 38 9
22 28 9
22 43 13
23 39 10
23 29 16
23 34 15
23 54 12
23 55 10
23 47 9
24 50 4
24 35 4
24 36 14
24 31 14
24 37 5
25 34 15
26 41 13
26 53 18
26 29 17
27 57 5
27 59 19
27 38 13
28 43 8
28 38 2
28 41 12
28 36 20
29 41 6
29 30 4
30 55 2
30 32 11
30 36 2
30 56 7
31 41 15
31 47 13
32 56 16
32 35 7
32 59 2
33 48 15
33 46 13
33 39 10
33 43 4
34 40 19
34 49 2
34 59 10
34 58 20
35 43 13
35 53 4
35 37 7
35 55 13
36 47 9
36 50 9
36 40 8
36 57 6
37 43 12
37 50 14
38 47 14
38 40 2
39 57 12
39 48 2
40 52 11
40 59 19
40 42 9
40 56 4
40 48 11
41 59 7
42 55 8
43 58 5
44 54 2
44 55 15
44 45 5
44 53 6
45 57 5
46 55 4
46 56 3
46 51 7
48 50 15
48 53 12
50 53 3
50 56 18
51 56 8
51 58 2
52 54 18
54 58 10
55 58 9
57 59 8
58 59 9

TollEdges
8 35
51 14
6 5
44 15
42 2
40 34
5 30
48 15
59 40
54 58
