55

Pairs
30 4 1
47 15 1
40 21 1
10 27 1
27 43 1

Edges
0 11 14
0 27 18
0 47 16
0 41 16
0 29 15
0 44 8
0 35 4
1 18 8
1 41 7
1 54 12
2 47 14
2 5 8
2 46 2
2 44 3
2 52 9
2 39 18
2 25 4
2 26 6
3 51 6
3 40 3
3 48 12
3 10 12
3 9 11
4 21 11
4 20 19
4 42 19
4 18 6
4 27 4
5 38 10
5 33 9
5 10 8
5 8 18
6 29 14
6 13 13
6 12 3
6 43 5
6 9 16
7 23 15
7 33 12
7 49 20
7 17 10
8 54 16
8 47 19
8 26 14
8 29 19
8 20 2
8 46 6
9 49 12
9 46 8
9 43 13
10 50 9
10 20 15
10 25 19
10 30 9
10 11 3
11 32 15
11 29 7
11 47 9
11 22 18
11 48 10
11 15 12
12 31 8
12 38 17
12 41 9
12 23 16
12 36 5
13 31 16
13 15 8
13 35 17
13 38 8
13 20 13
13 26 7
13 48 14
13 23 19
14 54 2
14 33 15
14 23 19
14 51 5
14 47 8
14 43 11
15 42 15
15 24 19
15 30 10
15 39 12
16 47 3
16 23 15
16 41 20
16 49 11
17 29 5
17 18 7
17 25 10
18 43 17
18 38 6
18 21 19
18 54 2
18 26 4
19 47 8
19 31 5
19 39 4
19 27 8
19 22 7
19 46 14
19 32 17
19 44 15
20 50 11
21 25 3
21 22 7
21 31 6
21 43 17
21 49 19
21 30 9
21 45 18
22 45 13
23 48 7
23 24 16
23 25 17
23 54 16
24 48 18
24 33 7
24 44 6
25 51 6
25 26 4
26 39 12
26 46 13
27 33 5
27 50 17
27 49 10
28 39 10
28 47 18
29 42 14
29 47 3
29 53 7
30 43 20
30 48 4
30 44 2
30 54 9
31 54 16
31 48 7
31 53 14
31 42 14
31 34 7
31 38 19
31 32 10
32 40 14
32 43 16
33 39 8
33 53 5
34 43 6
34 48 5
34 42 14
34 54 7
35 42 15
36 45 20
37 44 17
37 38 5
37 54 14
38 48 18
38 42 19
38 53 7
40 47 6
40 52 10
41 54 3
41 49 4
42 52 12
42 44 17
43 49 12
43 51 15
44 50 18
45 46 2
46 53 6
46 50 4
47 52 5
47 50 20
50 54 10
51 54 3

TollEdges
26 46
3 9
51 14
7 49
42 29
46 8
32 31
18 43
31 42
17 7
13 6
47 0
32 19
46 9
47 29
42 35
41 12
50 46
45 22
41 16
19 44
13 23
50 44
10 20
39 33
6 12
