50

Pairs
36 19 1
29 38 1
44 37 1
25 12 1
34 22 1
14 5 1
6 19 1
39 28 1
26 39 1
18 43 1
46 42 1
35 13 1
10 19 1
13 37 1
41 16 1
2 38 1
7 36 1
25 4 1
26 43 1
17 47 1
17 9 1
1 22 1
5 44 1
35 31 1
36 8 1
11 48 1
20 39 1
32 10 1
37 10 1
49 18 1
45 3 1
6 42 1
46 41 1

Edges
0 4 4
0 25 17
0 16 7
1 47 11
1 39 8
1 28 16
1 8 2
1 15 9
2 39 10
2 10 10
2 20 17
3 33 7
3 32 13
3 4 2
3 44 5
3 10 12
4 6 4
4 20 5
5 17 7
5 29 14
6 31 14
6 26 13
6 13 16
6 12 5
6 15 8
6 35 18
6 22 2
7 19 4
7 31 16
7 20 15
7 43 8
8 22 20
8 43 17
8 32 8
8 12 2
8 15 16
8 19 19
9 38 13
9 45 7
9 18 15
10 43 20
10 33 4
10 31 3
10 12 19
10 42 8
10 28 16
10 40 3
10 39 15
11 13 8
11 46 19
11 30 10
12 20 18
12 14 5
12 28 20
12 18 4
12 36 13
13 28 4
13 44 2
13 47 13
13 38 20
13 45 8
13 20 10
14 25 16
14 40 7
14 43 3
15 39 12
15 42 15
15 43 2
15 18 7
15 28 14
16 31 7
16 17 20
16 39 2
16 38 18
16 27 2
17 38 15
17 19 8
17 45 7
17 47 6
18 46 15
18 35 10
18 43 12
18 39 11
18 42 7
19 33 9
19 35 13
20 39 5
20 31 17
20 29 3
20 26 16
21 31 4
21 27 9
21 41 9
22 44 13
22 29 19
22 43 9
22 48 3
22 47 7
23 32 18
24 36 13
24 45 2
25 49 20
25 39 19
26 48 3
26 30 7
26 29 20
26 33 4
26 38 10
27 44 12
27 31 11
27 33 4
27 34 19
28 39 11
28 32 11
28 46 10
28 30 15
29 33 18
29 32 10
29 37 14
29 39 14
29 31 3
29 48 6
29 45 3
30 35 2
30 47 4
30 36 13
30 41 4
32 42 3
32 33 10
33 42 11
34 48 12
34 49 14
34 37 13
35 48 2
36 43 12
37 45 4
38 45 3
39 46 7
41 42 12
42 44 4
43 48 5
43 45 9
46 49 12
46 47 13

TollEdges
6 13
34 37
30 26
30 28
44 22
26 6
21 27
