50

Pairs
43 39 1
20 17 1
46 28 1
23 32 1
18 22 1
30 0 1
2 42 1
5 46 1
6 23 1
38 35 1

Edges
0 7 19
0 16 8
0 42 8
0 11 17
0 4 10
0 2 13
0 48 5
0 37 12
1 44 2
1 6 5
1 36 12
1 47 9
1 33 5
1 5 18
1 42 18
1 46 2
1 20 9
2 9 3
2 21 17
2 36 18
2 13 16
2 15 2
3 32 3
3 4 9
3 9 17
3 44 2
3 33 16
4 33 20
5 44 14
5 29 3
5 10 7
6 19 19
6 36 9
6 35 6
6 18 7
6 40 8
6 44 14
6 34 12
6 39 10
7 30 9
7 42 18
7 29 4
7 43 13
7 18 19
7 25 10
7 49 14
8 34 4
8 43 6
8 40 14
9 27 18
9 32 8
10 18 20
10 33 2
10 48 8
11 34 4
11 35 11
11 32 18
11 28 20
11 18 14
12 47 12
12 18 3
12 13 4
12 16 12
13 19 17
14 39 6
14 29 19
14 23 16
14 38 13
14 36 10
14 27 7
14 24 3
15 45 5
15 39 12
15 38 15
15 29 3
15 33 10
16 44 7
16 49 18
16 26 15
16 22 8
16 42 2
17 18 17
17 42 3
17 23 6
17 36 2
17 40 16
18 43 16
18 34 17
18 33 17
19 44 14
20 23 19
20 25 17
20 27 19
20 21 10
20 36 7
21 40 12
21 49 16
21 44 2
21 38 19
21 28 4
22 24 17
22 46 17
23 31 20
23 41 2
23 33 7
23 32 14
26 28 3
26 35 14
26 32 20
28 35 6
28 33 14
28 44 9
28 42 19
28 40 18
29 49 19
29 33 8
30 38 6
30 31 9
30 32 10
30 49 19
31 40 20
31 42 3
32 44 2
32 39 7
32 33 12
33 39 14
33 37 7
34 43 12
34 47 17
34 42 15
35 49 17
35 45 14
35 44 12
35 46 8
36 44 6
36 46 8
38 45 20
38 48 12
40 45 14
40 42 12
41 46 6
42 43 10
42 48 5
43 44 6

TollEdges
36 6
1 5
42 34
46 36
3 4
23 17
26 16
42 48
39 14
33 4
36 2
20 25
3 9
17 18
7 42
32 9
40 21
33 28
11 34
5 29
8 43
