30

Pairs
15 0 1
22 2 1
9 26 1
22 4 1
25 18 1
26 25 1
0 23 1
16 29 1
14 6 1
10 11 1

Edges
0 8 12
0 22 9
1 24 18
1 8 9
1 2 7
2 16 13
2 10 2
2 5 4
2 28 3
2 21 4
3 7 10
3 27 14
3 14 14
4 10 3
4 14 3
4 11 13
4 23 4
5 6 10
6 12 15
6 28 14
7 21 16
7 9 13
7 11 17
7 19 4
7 17 8
7 24 12
8 14 18
9 20 7
9 26 5
9 25 16
10 16 3
10 15 16
11 18 18
11 19 13
12 22 19
13 14 6
13 26 3
13 28 5
14 20 13
14 29 20
14 17 14
14 28 5
16 29 8
16 22 19
16 19 15
17 28 13
18 19 9
18 21 3
20 29 17
21 27 13
22 23 15

TollEdges
22 23
9 26
4 10
2 10
4 23
9 25
17 28
14 3
13 14
6 12
