60

Pairs
12 11 1
51 54 1
2 47 1
45 14 1
11 12 1
57 19 1
2 28 1
1 32 1
3 37 1
19 54 1

Edges
0 40 16
0 12 16
0 54 8
0 59 2
0 27 17
0 48 19
0 28 18
0 8 13
0 32 14
0 23 18
1 44 3
1 19 20
1 53 16
2 54 15
2 4 6
2 14 17
2 40 15
2 17 4
2 57 17
2 16 8
3 10 3
3 25 5
3 48 19
3 50 20
3 7 19
3 54 13
3 41 14
3 49 19
4 7 3
4 12 11
4 23 20
4 29 10
4 38 9
4 22 18
4 28 4
4 54 8
5 25 5
5 38 11
5 33 12
5 18 11
5 24 5
5 49 11
5 53 11
6 50 4
6 58 14
6 36 14
6 49 15
6 54 12
7 33 6
7 50 15
7 49 6
7 26 4
7 32 7
8 55 7
8 25 15
9 59 19
9 30 7
9 44 20
9 56 12
9 24 4
9 29 5
9 17 9
10 42 15
10 23 8
10 34 5
10 21 8
10 13 9
10 56 9
10 48 9
10 26 10
11 40 3
11 38 3
11 49 7
11 55 3
11 44 13
11 24 7
11 15 14
11 21 9
12 41 17
12 32 10
12 36 19
12 30 8
12 52 4
12 53 3
13 42 16
13 25 6
13 32 6
13 16 18
13 59 17
14 17 3
14 24 12
14 26 13
14 27 14
14 25 14
14 59 9
15 57 19
15 45 10
15 22 20
16 49 11
16 17 4
16 56 10
16 37 16
16 59 5
16 22 9
17 39 15
17 53 19
17 57 6
18 30 14
18 19 3
18 50 7
18 27 9
18 49 15
18 41 10
18 37 12
19 45 12
19 36 6
19 20 9
19 47 15
20 35 8
21 40 11
21 31 10
21 36 4
22 23 19
22 47 7
22 26 9
22 59 16
22 45 5
22 58 15
22 44 9
23 55 5
23 53 14
23 29 9
23 41 5
23 42 20
24 52 13
24 27 14
24 47 15
24 56 16
24 32 16
24 55 19
25 36 2
25 35 7
25 50 5
25 58 15
25 39 8
25 44 4
25 40 6
25 42 13
25 27 2
26 58 10
26 41 2
26 56 6
26 48 8
26 52 14
27 34 16
27 40 19
27 51 6
27 30 14
28 47 7
28 54 16
29 40 14
30 41 18
30 51 16
30 58 15
31 46 7
31 37 16
31 50 18
31 53 19
31 39 5
32 56 14
32 58 8
32 41 12
33 35 5
34 47 12
34 52 2
34 40 12
35 59 17
35 47 4
35 37 4
36 50 9
36 48 7
36 58 2
38 46 8
39 47 3
39 41 18
40 50 6
40 58 9
40 55 3
42 56 8
42 58 9
42 45 4
43 49 2
44 57 7
44 48 18
45 46 15
45 57 9
45 54 20
46 58 13
47 58 15
48 50 16
48 52 9
48 57 2
48 54 2
49 51 11
50 56 18
50 51 3
52 56 6
53 57 18

TollEdges
9 24
26 41
42 10
41 18
37 16
2 57
16 22
49 6
58 6
50 48
22 4
49 11
54 0
12 32
56 9
42 13
0 8
27 18
39 31
13 32
