50

Pairs
17 13 1
39 30 1
42 14 1
43 35 1
5 4 1
24 45 1
11 36 1
33 44 1
38 42 1
30 3 1

Edges
0 28 18
0 23 12
0 27 10
0 24 6
0 48 10
0 17 7
1 22 7
1 2 6
2 36 20
2 40 12
2 19 20
2 18 3
2 17 11
3 7 8
3 19 16
3 11 5
4 25 11
4 37 2
4 15 5
4 16 7
4 36 5
4 27 20
4 31 17
4 23 12
5 11 6
5 23 18
5 43 2
5 44 8
6 19 19
6 9 17
6 36 17
6 44 2
7 39 4
7 49 7
8 40 18
8 41 10
8 26 14
8 46 18
8 33 2
8 20 18
8 19 20
9 15 13
9 12 7
9 36 6
9 19 13
9 34 15
9 33 9
10 23 13
10 19 13
10 27 2
10 39 11
10 43 19
10 41 18
10 47 2
11 18 11
11 17 16
11 31 13
11 15 7
12 27 14
12 13 3
12 20 14
12 36 17
12 28 8
13 31 16
13 34 6
13 18 2
13 14 18
13 17 4
14 47 18
14 18 17
15 29 2
15 49 13
15 44 20
15 19 8
15 22 4
15 40 20
16 36 15
16 29 14
16 20 17
16 24 15
16 21 19
17 19 18
17 32 20
18 29 12
18 34 9
18 49 9
18 37 10
18 38 8
19 40 20
19 34 9
20 45 9
20 21 9
20 32 9
20 46 11
21 25 18
21 29 18
22 25 8
22 44 12
22 46 11
23 33 6
23 35 8
23 40 9
23 39 15
24 49 15
24 40 7
25 30 17
25 39 16
25 33 3
26 43 19
26 35 14
26 41 16
27 41 9
27 43 13
28 45 18
29 30 3
29 31 2
29 34 5
31 43 7
31 34 12
31 44 5
31 45 2
32 42 7
32 47 8
33 35 14
33 37 11
33 49 7
33 34 17
33 47 10
33 46 4
34 47 8
34 42 15
34 48 3
35 49 6
36 39 9
36 48 9
37 40 17
38 45 5
39 48 15
39 45 3
40 43 19
41 48 2
42 44 5
43 44 15
48 49 8

TollEdges
19 40
39 48
37 18
7 3
17 2
31 43
19 8
