35

Pairs
8 4 1
34 17 1
18 8 1
34 15 1
24 4 1
5 7 1
11 18 1
18 34 1
18 14 1
17 1 1
9 25 1
31 2 1
15 20 1
25 9 1
29 20 1
27 13 1
22 16 1
13 20 1

Edges
0 25 12
0 19 15
0 2 19
1 19 18
1 14 16
1 25 13
2 9 9
2 15 11
2 31 9
3 28 10
3 27 3
3 19 11
3 12 9
3 32 9
4 14 9
4 20 6
4 25 4
4 12 17
4 6 15
4 16 9
4 23 15
4 21 15
4 9 3
5 15 9
5 10 11
5 34 20
5 24 4
6 24 10
7 17 16
8 16 3
8 27 18
9 19 9
9 29 17
10 30 19
10 15 16
10 21 11
10 32 13
10 31 3
10 13 10
11 13 3
12 33 11
12 23 7
12 27 19
12 21 9
12 26 10
13 19 20
13 28 13
14 21 17
14 30 9
15 18 16
15 23 15
15 22 10
15 26 17
15 33 14
16 33 4
16 19 15
17 27 16
19 29 11
19 21 9
20 34 6
21 22 15
21 31 9
21 30 5
21 34 4
22 27 14
22 25 17
23 24 16
28 32 2
30 33 11
31 33 9

TollEdges
5 15
15 22
17 27
8 16
4 9
4 25
10 13
15 18
21 34
2 15
2 9
4 20
3 27
15 33
