45

Pairs
2 26 1
39 41 1
13 6 1
13 24 1
22 4 1

Edges
0 33 18
0 6 4
0 10 7
0 29 19
0 13 8
1 21 14
1 43 4
1 29 6
1 20 6
2 22 7
2 34 20
2 35 19
2 37 17
2 17 11
2 15 9
3 19 7
3 12 5
3 38 16
3 7 5
3 42 17
3 33 4
3 18 18
3 11 18
4 42 6
4 10 5
4 21 20
4 39 3
4 26 13
4 34 15
4 5 12
4 6 9
4 8 6
4 36 16
5 16 2
5 13 10
5 27 3
5 31 13
6 10 13
6 43 6
6 14 2
6 25 10
6 29 13
7 18 13
7 34 20
7 35 9
7 28 13
7 38 6
8 41 15
8 23 13
9 10 3
9 44 13
9 19 7
10 18 3
10 31 6
10 24 2
10 32 5
11 38 9
11 35 14
11 26 8
12 27 15
12 40 14
12 16 18
13 41 11
13 35 13
14 21 13
14 16 7
15 20 17
15 17 16
15 41 9
16 42 3
16 27 14
16 34 7
16 22 20
17 20 10
17 30 19
18 20 5
18 36 15
20 27 15
20 26 17
20 24 7
20 22 4
21 36 2
22 38 16
22 31 14
22 44 8
22 35 18
23 26 9
24 43 17
24 35 6
24 38 9
24 30 5
24 29 6
25 28 9
26 29 19
26 41 15
27 29 3
27 34 17
27 30 14
28 37 8
29 33 18
29 40 20
30 33 10
30 43 18
31 33 17
31 36 11
32 44 10
32 41 6
33 41 4
33 43 2
35 39 8
36 41 5
39 43 18
39 44 9
40 44 4
41 42 6
41 44 12

TollEdges
34 7
3 33
4 36
32 41
26 41
43 39
5 27
4 8
11 3
2 34
12 40
