30

Pairs
14 15 1
12 18 1
22 0 1
3 22 1
20 6 1
21 26 1
25 23 1
1 19 1
4 16 1
22 16 1
13 23 1
21 4 1
18 6 1
27 25 1
18 16 1

Edges
0 3 15
0 8 10
0 24 4
0 2 13
0 4 7
1 19 3
1 25 15
1 4 16
2 21 8
2 24 8
2 16 10
3 15 15
3 6 20
4 10 2
4 24 20
5 21 20
5 26 12
5 14 2
6 24 7
7 12 5
7 26 19
7 11 11
7 13 14
8 17 2
9 28 20
9 22 2
9 27 15
10 25 18
10 16 7
10 28 15
10 22 17
11 23 17
11 28 20
12 19 14
12 23 20
13 19 16
14 20 16
14 28 20
14 26 5
15 19 18
15 28 18
15 24 7
16 23 13
17 24 17
17 25 13
18 27 10
19 29 2
20 21 17
21 28 19
25 29 3
27 28 10

TollEdges
0 4
10 22
