40

Pairs
38 3 1
20 13 1
0 29 1
16 12 1
10 27 1
30 16 1
23 3 1
26 6 1
8 25 1
11 1 1

Edges
0 7 5
0 37 12
0 39 2
1 16 2
1 26 4
1 37 2
1 21 7
1 24 10
2 6 11
2 36 16
2 17 2
2 39 15
2 16 15
3 36 6
3 38 11
3 24 14
3 7 14
4 34 4
4 9 5
4 13 7
4 32 16
4 10 20
5 17 7
5 9 9
5 37 6
5 22 20
6 36 9
6 37 5
6 18 14
7 24 17
7 30 5
7 35 15
7 38 17
8 12 15
8 31 12
8 30 3
9 21 6
9 27 19
10 19 12
10 32 12
10 21 7
10 18 6
11 14 15
11 38 14
11 32 19
12 33 15
12 25 6
12 26 16
13 23 15
13 21 17
14 26 5
15 22 2
15 31 16
15 37 2
16 24 9
16 31 17
16 27 13
17 33 5
17 23 20
17 21 20
18 32 16
18 19 6
18 33 5
19 33 4
19 27 2
19 25 12
19 31 10
19 32 16
20 31 19
20 22 15
20 33 13
22 31 18
22 25 14
22 26 6
23 39 4
24 26 8
26 34 3
27 36 4
27 39 8
27 32 4
28 30 2
28 36 18
28 35 7
29 39 12
29 38 20
30 32 7
30 31 4
31 33 12
32 33 13
33 38 15
34 35 4
36 38 14

TollEdges
19 31
21 13
17 5
30 28
