40

Pairs
18 37 1
0 38 1
37 35 1
22 19 1
25 21 1
13 1 1
36 12 1
10 0 1
23 12 1
16 34 1
39 15 1
37 25 1
5 22 1

Edges
0 13 6
0 35 13
0 30 18
0 4 11
0 12 10
1 28 14
1 24 5
2 16 12
2 21 19
2 22 14
2 14 17
2 28 16
2 33 11
2 15 20
2 12 15
3 26 12
3 4 19
3 29 7
3 11 18
3 15 12
4 24 7
4 23 9
4 9 14
5 17 13
5 18 12
5 32 13
5 8 18
5 36 19
5 13 10
6 33 19
6 28 4
6 22 13
7 13 11
7 25 9
8 33 14
8 14 2
8 18 10
8 22 18
9 32 15
9 36 2
9 23 4
9 38 3
9 37 20
9 10 6
9 17 8
10 31 12
10 24 12
10 39 8
12 27 17
13 39 8
13 36 10
14 35 14
15 22 10
15 16 3
15 35 3
15 26 3
16 17 12
16 24 20
16 23 4
16 27 14
17 21 20
18 24 5
18 19 16
18 22 4
19 25 14
19 34 9
20 31 16
20 37 14
20 27 2
21 27 6
22 35 11
22 29 13
24 39 18
24 26 15
24 37 13
25 33 15
25 31 20
25 37 11
26 37 12
29 38 14
29 31 11
30 32 6
30 35 17
31 38 11
32 36 6
32 35 10
32 37 6
34 39 15
34 37 15
35 36 13
35 38 20
36 39 13

TollEdges
0 4
4 23
9 23
18 22
10 39
0 13
15 16
18 19
0 12
