35

Pairs
2 16 1
7 23 1
22 4 1
12 32 1
30 21 1
32 3 1
24 2 1
29 13 1
33 3 1
11 18 1

Edges
0 24 6
0 7 15
0 2 19
0 18 10
1 32 16
1 31 3
1 21 13
1 27 20
2 28 2
3 15 3
3 5 8
3 16 14
4 16 16
5 26 7
5 18 13
5 8 20
5 23 9
5 13 19
5 29 9
6 7 13
6 27 4
6 33 6
6 26 13
7 31 5
7 32 20
7 9 13
7 22 9
7 24 15
8 9 6
8 28 5
8 10 15
8 27 5
9 23 10
9 25 6
9 29 10
9 14 3
10 16 8
11 20 7
11 12 12
11 33 15
11 17 15
12 20 3
12 31 7
13 21 14
13 18 16
13 16 15
14 24 19
14 26 14
15 26 12
15 16 17
16 19 13
16 17 11
16 32 3
16 21 7
18 29 5
18 27 15
19 34 16
19 25 8
20 21 20
21 34 7
21 29 4
23 27 3
24 29 18
26 34 19
28 30 15
28 33 3
29 30 2
30 33 3
30 34 5
33 34 15

TollEdges
30 33
29 30
21 29
16 32
26 34
24 29
3 15
