40

Pairs
4 39 1
35 32 1
34 1 1
12 31 1
23 21 1
25 0 1
11 25 1
38 36 1
5 16 1
23 3 1
14 31 1
13 16 1
39 11 1
34 16 1
2 25 1
0 15 1
24 37 1
8 34 1
4 18 1
1 15 1

Edges
0 8 4
0 22 9
0 10 9
0 26 11
1 22 18
1 35 12
1 27 10
1 4 12
1 31 20
1 10 11
1 24 8
2 23 18
2 5 5
2 4 11
3 15 16
3 10 17
3 32 3
4 32 8
4 9 16
5 23 3
5 38 15
5 7 13
5 26 10
5 33 10
6 17 17
6 33 15
6 13 5
6 10 11
6 12 6
6 24 7
6 16 4
7 8 15
7 12 12
7 27 8
7 33 2
8 29 17
8 14 16
8 15 4
9 24 17
9 27 6
10 33 17
10 24 7
10 37 12
10 31 18
10 39 7
10 32 19
11 26 20
11 18 16
12 33 13
12 23 8
12 29 7
13 14 3
13 21 5
13 22 8
13 25 15
14 27 4
14 30 13
14 34 18
14 20 14
15 20 18
15 25 11
16 17 19
16 27 19
16 22 18
17 38 17
17 21 6
18 35 11
18 38 18
19 34 7
20 28 20
20 30 6
21 31 4
21 30 14
21 25 10
22 24 15
22 26 12
23 31 9
23 37 10
23 38 9
24 27 9
24 26 9
24 36 15
24 25 20
27 37 9
27 34 20
27 31 19
28 37 19
30 38 8
31 35 8
31 33 3
32 38 19
35 38 2

TollEdges
0 8
2 5
23 31
4 32
