50

Pairs
22 19 1
42 48 1
24 48 1
3 39 1
43 5 1

Edges
0 17 14
0 11 9
0 48 11
0 1 6
0 46 6
0 10 20
0 12 19
1 27 9
1 14 20
1 46 12
1 5 5
1 49 7
1 29 11
2 15 11
2 5 20
2 10 15
2 11 4
2 22 5
2 17 20
2 47 6
3 32 6
3 10 10
3 11 10
3 48 5
3 4 14
3 37 18
4 26 20
4 49 16
4 32 11
4 46 18
4 29 2
4 13 11
4 39 17
4 33 6
5 18 7
5 31 8
6 48 7
6 47 15
6 31 16
6 45 14
7 16 6
7 42 5
8 24 7
8 10 8
8 44 15
8 26 17
9 43 17
9 36 2
9 10 2
9 21 2
9 20 2
9 33 20
9 47 18
9 28 10
10 44 4
10 46 3
10 17 19
11 16 20
12 39 5
12 36 15
12 24 17
12 42 17
13 40 7
13 49 7
13 29 16
13 26 19
13 39 6
13 19 13
13 31 16
13 42 18
14 18 14
15 31 4
15 33 5
16 29 14
16 19 3
16 43 9
16 45 2
17 39 10
17 41 16
18 39 2
18 33 19
18 44 12
18 37 14
18 42 20
18 41 6
19 38 5
19 49 12
19 29 7
20 40 16
20 36 12
20 23 19
21 39 2
21 46 12
21 48 9
21 30 5
21 29 11
22 29 11
22 30 3
22 49 14
22 40 16
22 31 6
23 41 3
23 37 18
23 35 8
25 47 2
25 28 8
25 44 15
27 41 8
28 47 8
29 44 14
30 46 19
30 40 12
30 43 6
30 41 9
30 49 15
31 32 4
31 39 7
31 37 14
31 48 4
31 33 12
31 49 17
31 47 5
31 38 8
32 34 6
33 37 12
33 49 12
33 38 12
34 45 14
34 38 10
34 48 16
34 46 18
35 42 10
36 39 16
37 48 20
37 43 6
38 40 20
38 47 18
38 42 12
39 40 4
41 43 3
41 48 20
42 48 7
45 47 9
45 46 16

TollEdges
1 46
31 38
29 1
40 22
41 23
25 44
40 13
23 20
29 4
6 31
33 38
39 13
29 13
29 44
24 12
49 22
30 41
18 39
47 2
3 10
19 38
41 27
42 18
26 8
9 36
35 23
42 7
7 16
