45

Pairs
44 27 1
19 11 1
18 25 1
18 44 1
12 32 1
28 40 1
30 11 1
3 15 1
19 13 1
36 12 1
12 14 1
28 7 1
5 34 1
36 0 1
10 18 1
3 29 1
8 35 1
18 43 1
5 27 1
15 9 1
33 4 1
22 36 1
27 21 1
0 14 1
32 42 1
31 24 1
39 0 1
37 28 1
34 16 1
34 11 1

Edges
0 3 16
0 18 7
0 36 8
0 38 3
1 34 7
1 42 15
1 16 18
1 8 16
2 38 9
2 9 11
2 26 9
2 7 20
2 24 7
3 21 11
3 37 4
4 8 8
4 26 5
4 38 20
5 8 17
5 6 20
5 25 12
6 42 19
6 36 7
6 39 14
6 30 17
7 27 5
7 24 3
7 22 9
8 20 17
8 23 2
8 19 12
8 38 11
8 21 18
10 29 5
10 39 7
10 36 16
10 30 15
10 38 12
10 37 6
11 26 18
11 31 9
12 30 3
12 37 5
12 38 10
13 31 15
13 20 10
13 25 2
13 22 9
13 19 10
13 38 6
14 42 10
14 41 15
14 30 14
14 27 16
14 35 9
14 33 4
15 28 7
15 31 17
15 22 11
15 25 20
15 24 5
16 42 17
16 41 5
17 22 20
17 32 6
17 36 17
17 20 19
17 19 16
18 20 8
18 27 17
18 36 14
19 29 13
19 30 3
19 36 3
20 44 13
20 21 17
20 29 17
20 39 10
21 36 4
21 42 15
22 26 8
23 42 4
23 31 16
23 36 6
23 27 2
23 34 7
24 26 17
25 27 4
25 33 10
25 31 11
26 37 11
26 43 12
26 31 8
27 32 7
27 38 8
28 41 12
28 38 3
28 29 14
28 40 2
29 32 15
29 44 7
30 38 12
30 42 6
30 43 12
31 36 14
32 40 15
32 37 6
33 41 13
33 42 15
35 40 20
37 43 7
38 39 16
39 44 4
39 40 17
41 43 11
41 42 20

TollEdges
37 43
22 26
10 39
29 32
10 36
5 6
42 33
26 43
30 42
42 16
15 25
18 27
2 26
19 8
19 17
42 6
13 22
21 3
3 0
31 25
26 31
38 4
35 40
