40

Pairs
33 20 1
8 6 1
38 25 1
32 19 1
13 27 1

Edges
0 30 19
0 34 14
1 14 17
1 28 13
2 7 5
2 16 18
2 12 6
2 14 11
3 27 16
3 12 16
4 33 10
4 9 7
4 11 15
4 30 8
4 39 19
4 16 20
5 20 9
5 14 16
5 12 11
6 27 3
6 28 11
6 12 8
6 18 14
7 39 8
8 11 11
8 22 5
8 31 11
8 34 17
8 29 4
9 35 5
9 14 16
10 18 18
10 24 19
10 38 3
11 37 11
11 32 7
11 34 12
11 36 19
12 32 17
12 39 8
12 21 16
12 20 6
13 25 15
14 16 13
14 30 3
14 32 17
14 38 8
14 26 8
15 21 19
15 31 15
15 37 19
15 33 14
16 23 7
17 25 5
17 22 16
17 38 4
17 26 16
18 34 16
18 36 9
18 31 20
18 32 10
18 28 12
19 23 3
19 30 7
20 22 13
21 27 17
21 28 12
22 30 6
22 35 2
22 37 16
22 23 13
23 27 12
23 25 7
23 29 19
25 36 8
25 27 18
25 26 5
26 27 5
26 34 13
27 35 4
27 33 8
27 29 18
28 29 18
30 37 9
31 34 18
32 36 16
32 34 14
32 37 9
33 36 2
34 39 5
35 37 6
36 37 7

TollEdges
4 30
14 2
30 14
39 7
23 19
39 4
22 23
30 22
7 2
6 18
15 37
18 36
20 5
