40

Pairs
29 12 1
6 11 1
37 10 1
22 29 1
0 22 1
36 33 1
19 20 1
36 29 1
15 33 1
10 28 1

Edges
0 10 16
0 38 20
0 9 20
0 5 5
0 8 2
0 37 19
1 27 8
2 31 15
2 6 13
2 4 16
2 23 16
2 14 15
3 22 13
3 24 16
3 18 10
3 14 18
3 4 2
3 36 9
3 28 16
3 15 14
3 30 2
4 16 4
4 26 12
4 14 7
4 25 18
4 22 7
4 18 15
5 8 10
5 18 2
5 19 5
5 30 18
5 37 9
6 21 14
6 37 2
6 7 12
7 29 15
7 38 20
7 9 13
7 8 4
7 20 12
7 36 10
8 29 4
8 25 3
9 34 13
9 11 5
9 27 10
9 13 9
10 13 3
10 34 5
10 24 6
10 12 14
12 19 8
12 20 17
12 21 15
12 15 18
12 27 2
13 23 17
14 24 5
14 17 6
16 23 20
16 28 11
17 25 3
17 32 8
17 21 4
18 32 2
18 24 3
18 19 20
18 33 11
19 36 9
20 30 10
21 25 18
21 23 2
21 31 20
22 24 17
22 33 2
22 38 17
22 31 10
23 34 11
23 39 18
23 29 16
23 33 10
24 38 20
24 36 18
24 39 2
24 37 17
25 26 18
27 32 20
28 33 7
30 32 14
33 36 8
35 39 7
35 36 10

TollEdges
37 24
16 23
22 38
19 36
8 5
13 9
38 7
36 3
10 12
32 17
9 34
37 0
12 21
7 29
18 3
23 33
20 7
18 4
