40

Pairs
23 6 1
29 26 1
17 16 1
4 33 1
32 28 1
36 20 1
37 5 1
9 34 1
7 2 1
19 15 1
33 19 1
17 28 1
4 14 1
31 25 1
33 32 1
37 20 1
26 17 1
2 5 1
18 6 1
13 38 1
17 33 1
22 13 1
38 7 1
25 0 1
35 24 1
32 30 1
29 2 1

Edges
0 5 15
0 27 14
0 15 16
0 13 5
0 33 3
0 36 5
1 4 18
1 22 2
1 18 11
1 36 3
1 9 3
2 21 11
2 6 5
2 32 11
2 17 16
2 5 18
3 6 18
3 38 6
3 16 7
3 19 11
3 7 9
4 15 12
4 31 4
5 10 19
5 8 3
5 39 20
6 15 11
6 20 13
6 19 17
6 32 19
6 18 2
6 13 12
6 11 15
7 24 6
8 18 7
8 32 3
8 14 2
9 29 18
9 25 4
9 34 5
10 37 7
10 23 13
10 15 17
10 22 15
11 38 3
11 33 6
11 29 20
11 39 6
12 35 14
12 20 6
13 33 5
13 29 17
14 38 14
14 27 5
14 29 7
14 22 2
15 29 5
16 26 15
16 37 8
16 32 10
17 19 12
17 36 19
17 35 6
18 20 14
18 33 8
18 38 6
19 37 4
20 30 6
20 36 20
20 37 14
21 34 4
22 23 6
22 26 13
22 32 10
23 29 4
23 30 7
23 35 20
23 36 20
23 39 16
23 38 6
23 32 3
24 31 15
24 26 3
26 39 15
26 36 8
27 39 11
28 29 10
30 34 14
31 33 12
33 39 18
33 37 5
36 39 19

TollEdges
29 13
8 14
35 12
2 5
24 31
20 6
20 12
39 26
21 2
6 11
30 34
39 23
39 36
