45

Pairs
0 28 1
4 41 1
36 7 1
11 24 1
3 40 1
15 42 1
7 26 1
6 27 1
27 42 1
22 37 1
16 34 1
25 34 1
5 33 1
25 38 1
24 18 1
39 4 1
0 39 1
5 40 1
8 29 1
12 35 1
5 4 1
40 26 1

Edges
0 31 20
0 25 18
0 41 11
0 22 14
0 23 17
0 29 4
0 13 12
0 39 8
0 11 10
1 43 5
1 8 4
1 28 6
1 9 12
1 12 15
2 39 11
3 40 17
4 13 10
4 28 9
4 38 9
5 21 18
5 30 12
5 32 9
6 7 7
6 9 11
6 19 13
6 26 17
6 11 19
6 34 16
6 31 7
6 27 5
7 28 13
7 15 14
7 24 9
8 32 17
9 30 3
9 41 19
10 33 5
10 38 8
10 32 7
10 43 16
10 41 8
10 30 16
11 13 9
11 38 6
12 24 3
12 34 19
12 43 6
12 27 7
12 14 20
13 23 15
13 25 15
13 22 2
13 42 7
13 43 7
14 31 3
14 37 2
14 21 11
14 19 10
15 17 3
15 38 7
15 35 8
16 27 16
16 42 16
16 20 3
16 34 16
17 43 15
17 39 16
18 34 11
18 21 9
18 33 8
18 44 16
19 24 9
19 22 10
19 39 5
20 23 19
20 22 12
20 43 20
20 30 15
20 25 7
21 38 9
21 30 4
21 36 5
22 44 17
22 36 8
22 24 16
22 23 9
22 28 9
22 40 16
23 36 5
23 32 3
24 42 7
24 37 10
24 44 2
24 27 6
25 33 10
25 34 5
26 38 5
26 44 9
26 37 9
27 44 9
28 39 13
29 33 16
29 35 14
30 41 20
30 43 20
30 40 8
31 39 5
31 32 19
32 37 15
35 41 16
35 36 17
35 42 14
38 41 11
40 41 6
41 44 3
42 43 14

TollEdges
39 2
25 13
9 30
17 15
9 6
42 13
30 21
37 24
30 43
21 5
6 19
21 14
26 6
41 9
41 10
28 1
11 0
