60

Pairs
34 0 1
20 12 1
1 44 1
10 5 1
41 34 1
5 43 1
29 53 1
40 53 1
19 55 1
20 13 1
38 21 1
27 36 1
40 48 1
12 36 1
33 7 1
13 28 1
32 37 1
43 38 1
49 44 1
40 24 1
19 57 1
41 11 1
23 28 1
21 54 1
53 50 1
59 56 1
55 49 1
2 37 1
6 12 1
5 6 1
19 7 1
45 44 1
24 16 1
2 44 1
13 19 1
3 9 1
1 9 1
44 21 1
3 9 1
18 30 1

Edges
0 3 6
0 34 15
0 13 11
0 52 20
1 28 16
1 34 17
1 24 4
1 51 4
1 31 20
1 52 18
1 22 2
1 32 11
1 53 12
1 27 15
2 36 9
2 28 19
2 6 15
2 48 4
2 4 6
2 23 5
2 53 5
2 26 9
2 46 8
2 55 14
3 38 12
3 23 13
3 55 18
3 4 18
3 47 10
3 37 18
3 44 13
3 14 17
3 34 8
3 35 7
3 42 9
4 20 12
4 39 5
4 45 7
4 58 12
4 28 8
4 24 7
5 10 14
5 12 10
5 34 4
5 24 4
5 17 5
5 43 10
5 38 10
5 27 13
6 31 14
6 46 18
6 28 5
6 20 14
6 33 8
6 26 17
7 44 2
7 21 4
7 9 17
7 14 13
7 42 20
7 23 10
8 11 9
8 24 2
8 36 9
8 20 9
8 21 11
8 40 13
9 10 18
9 23 17
9 55 8
9 52 12
9 38 2
9 48 7
9 40 11
9 14 11
9 53 10
10 25 14
10 17 17
10 42 3
10 11 16
10 13 15
11 53 7
11 37 14
11 58 13
11 13 12
11 48 2
12 30 12
13 20 17
13 16 13
14 23 5
14 43 2
14 33 5
14 40 11
14 42 18
14 28 12
14 56 3
15 45 2
15 50 16
15 42 19
15 56 10
15 32 14
16 31 6
16 18 11
16 48 6
16 45 18
16 51 3
16 49 6
17 37 9
17 52 16
17 48 3
17 42 17
18 28 2
18 23 5
18 59 19
18 43 16
18 29 2
18 31 16
19 21 2
19 27 10
19 26 12
19 46 10
20 33 2
20 39 20
20 59 8
20 51 15
20 57 7
20 53 8
20 30 15
20 47 16
21 25 17
21 33 18
21 40 16
21 54 4
21 56 5
22 51 3
22 28 11
22 47 17
22 45 19
22 32 5
22 40 11
22 55 9
22 26 2
22 46 2
23 28 5
23 35 4
23 38 2
24 42 15
25 30 3
25 27 2
25 46 17
26 59 8
26 45 13
26 31 2
26 48 11
27 54 16
27 45 5
27 49 17
27 50 8
28 56 14
28 43 17
28 39 11
28 44 11
28 48 15
28 55 13
28 54 12
29 51 10
29 47 18
29 42 14
29 56 18
30 50 16
30 36 19
31 33 9
32 46 16
32 43 20
32 36 10
33 48 17
33 43 9
33 57 9
33 45 11
33 42 4
33 51 7
34 48 17
34 56 19
34 50 15
35 43 12
35 36 16
35 57 6
37 42 11
37 50 6
38 50 10
38 42 17
38 49 8
39 47 20
39 51 20
40 44 8
40 56 20
41 46 11
41 57 13
41 43 7
42 52 9
43 54 16
46 50 12
46 52 14
47 48 6
50 54 9
54 56 18
54 57 10
58 59 7

TollEdges
36 32
54 28
9 10
14 9
25 10
27 19
33 6
10 11
2 4
5 17
51 33
30 20
18 43
6 2
9 7
28 55
14 40
47 20
54 43
42 15
49 16
26 45
51 29
9 52
20 6
33 31
10 17
3 37
24 4
15 32
22 28
