50

Pairs
0 4 1
11 41 1
22 19 1
46 44 1
33 45 1
47 38 1
48 5 1
2 24 1
15 18 1
26 35 1

Edges
0 4 8
0 6 3
0 33 11
0 32 10
1 5 17
1 15 14
1 36 3
1 33 20
1 48 17
1 42 3
2 9 10
2 29 3
2 30 14
2 17 7
3 10 11
3 9 13
3 37 9
3 44 9
4 37 14
4 43 9
4 45 2
4 7 13
4 9 13
5 42 18
5 23 17
5 32 3
5 11 20
6 25 9
6 7 8
6 45 4
6 39 4
6 49 7
7 15 16
7 45 10
7 42 18
7 40 3
8 31 8
8 19 17
8 43 10
8 12 6
9 17 16
9 36 20
9 23 10
9 48 9
9 44 12
9 12 5
9 24 15
9 13 11
10 38 8
10 18 5
11 43 5
11 49 9
11 21 6
11 48 9
11 23 9
12 41 2
12 38 8
12 46 14
12 15 3
12 37 5
13 31 17
13 19 8
13 41 4
14 16 19
14 47 15
14 34 20
14 17 18
14 42 4
14 15 17
15 40 9
15 31 11
15 49 15
15 25 19
16 41 3
16 44 16
17 21 9
17 48 4
17 18 5
17 29 4
18 40 11
18 43 13
18 48 18
18 34 11
19 36 12
19 42 2
19 40 16
19 27 13
20 44 14
20 46 13
20 49 5
20 27 6
21 37 2
21 39 10
21 35 8
21 24 19
21 49 6
21 47 5
22 41 10
22 36 20
22 28 5
22 30 6
23 38 4
23 36 2
23 27 12
23 43 6
23 33 10
23 42 11
23 31 19
24 29 16
24 39 19
24 30 7
25 33 15
25 43 3
25 46 5
26 42 13
26 39 6
26 40 13
26 49 4
27 44 8
27 35 15
27 47 5
28 48 5
28 29 14
28 36 3
28 40 3
29 45 16
30 49 20
30 39 17
31 48 17
31 34 6
32 38 17
33 37 16
33 39 13
34 35 2
34 39 14
35 43 16
36 38 11
37 41 10
38 42 11
38 41 11
40 43 5
41 48 19
43 44 6
45 47 6

TollEdges
45 29
40 19
22 41
18 48
13 9
20 46
42 38
9 17
23 33
27 20
3 37
14 15
36 19
30 39
34 35
42 23
48 17
27 23
19 27
15 7
39 6
4 37
15 1
43 23
43 18
17 14
1 5
5 42
