30

Pairs
25 24 1
29 24 1
25 13 1
3 22 1
3 24 1

Edges
0 4 16
0 19 11
0 5 14
0 28 16
0 15 4
1 10 11
1 27 17
1 17 7
2 23 11
2 8 16
2 3 9
3 19 3
4 12 11
4 19 11
4 6 5
4 15 10
5 27 17
5 13 16
5 25 5
5 12 10
6 20 8
6 9 10
6 7 15
7 26 15
7 17 7
7 23 11
8 20 17
10 20 13
10 12 12
10 14 10
11 27 18
11 24 8
11 29 19
12 29 15
14 22 6
15 22 16
15 18 10
15 24 15
16 22 14
16 26 16
18 22 11
19 24 6
19 29 2
19 22 15
20 24 20
21 23 19
21 26 11
22 23 2
22 24 20
25 28 10
27 29 11

TollEdges
3 19
19 24
5 25
27 11
21 26
12 5
26 7
