35

Pairs
15 16 1
1 20 1
12 3 1
6 9 1
3 8 1
26 15 1
2 17 1
28 2 1
16 13 1
32 7 1

Edges
0 24 18
0 15 12
0 1 11
0 7 15
0 5 7
0 21 5
1 14 15
2 30 10
2 20 7
2 19 2
2 28 2
3 26 17
4 21 16
4 24 16
4 14 9
4 22 14
4 20 3
5 17 8
5 29 18
5 9 15
5 13 4
6 18 17
6 9 15
8 24 15
8 29 3
8 22 12
9 29 10
9 18 11
9 10 17
10 13 4
10 19 8
11 18 7
11 29 19
11 23 13
11 15 4
12 23 11
12 18 16
12 29 8
12 21 12
12 16 13
12 33 11
14 21 9
14 34 2
15 25 19
15 23 7
17 28 11
17 31 5
17 25 8
18 32 5
18 28 7
18 23 2
18 26 8
18 21 13
18 20 6
19 29 2
19 27 17
20 23 9
20 34 5
21 28 17
22 27 2
23 31 18
24 31 13
25 33 6
25 34 19
25 30 17
27 32 6
28 31 17
28 30 7
30 34 3
32 34 20

TollEdges
2 28
3 26
19 29
