50

Pairs
49 47 1
48 45 1
30 24 1
35 4 1
17 30 1
44 46 1
2 3 1
31 15 1
8 13 1
26 31 1
43 46 1
31 42 1
11 42 1
1 13 1
30 11 1
29 18 1
9 36 1

Edges
0 1 9
0 46 15
0 25 4
0 35 14
0 30 6
1 44 14
1 9 4
1 8 6
1 27 11
1 47 6
1 24 12
2 26 5
2 18 13
2 19 8
2 20 6
2 16 12
2 12 9
2 8 20
2 31 10
3 10 9
3 35 2
3 36 7
4 47 19
4 36 6
5 15 13
5 23 13
5 33 11
5 17 6
5 42 4
5 12 17
5 32 20
5 30 10
6 19 9
6 49 17
6 18 19
6 43 19
6 7 13
6 42 3
6 20 15
6 13 15
6 31 7
7 34 13
7 47 18
7 27 16
7 39 12
7 48 19
7 33 17
8 46 10
8 17 4
8 43 2
9 26 18
9 34 10
10 48 19
10 42 15
10 41 5
10 18 12
11 35 10
11 15 12
11 44 4
11 36 8
12 45 18
12 35 7
12 15 13
12 27 5
13 43 7
13 17 11
13 38 13
13 46 4
14 36 2
14 27 14
14 25 7
14 43 11
14 41 4
14 26 13
16 41 19
16 18 6
16 26 15
16 46 9
16 39 15
16 49 14
17 48 13
17 32 20
18 22 17
18 37 19
18 31 16
18 25 2
18 45 12
18 19 5
19 26 11
19 45 11
19 21 6
20 40 16
20 23 14
20 32 20
20 31 3
21 36 15
21 33 6
21 29 13
22 41 18
22 28 3
22 48 19
22 42 2
23 28 8
23 39 14
23 46 11
23 44 7
23 34 9
23 40 6
23 35 15
24 27 10
24 40 13
24 39 9
25 26 13
25 31 6
26 40 18
26 39 9
26 35 2
26 47 3
26 28 6
26 27 2
27 30 7
28 48 9
29 49 6
29 43 10
29 39 12
30 42 10
30 44 9
31 48 18
32 48 16
32 33 17
33 41 20
34 46 6
35 44 20
35 45 19
36 40 12
36 37 12
36 41 9
37 42 16
37 48 6
38 42 12
38 46 3
44 47 10
46 48 4
48 49 19

TollEdges
47 4
2 16
18 6
32 48
24 1
33 32
10 41
7 47
26 19
46 8
18 37
18 10
12 15
24 40
36 14
3 10
26 40
48 22
0 35
6 49
23 35
48 37
5 12
2 8
14 41
35 12
25 14
32 17
