35

Pairs
29 4 1
30 28 1
34 2 1
19 11 1
24 17 1
20 1 1
30 9 1
19 17 1
0 17 1
31 6 1
14 17 1
17 7 1

Edges
0 16 15
1 24 9
1 10 4
1 16 18
2 16 2
2 11 19
2 34 15
2 14 18
2 3 13
3 17 15
3 19 6
3 6 13
3 16 9
4 30 18
4 23 17
4 27 13
4 16 19
4 20 4
5 23 8
5 33 20
5 22 13
6 8 16
6 13 11
7 23 10
7 16 10
7 10 13
8 13 11
8 19 4
9 29 18
9 28 8
9 21 11
9 34 9
10 30 14
10 17 10
11 13 12
11 25 11
11 19 12
11 28 9
12 22 10
12 29 19
12 30 7
12 17 11
12 32 8
12 20 3
13 24 10
13 25 15
13 27 12
13 19 2
14 27 13
14 34 9
15 32 3
15 30 14
15 31 4
16 23 4
16 27 15
17 23 19
18 31 2
18 28 17
19 29 18
19 21 6
19 20 19
19 27 14
19 24 2
22 29 3
24 32 17
25 33 20
25 30 10
26 31 19
28 32 6
30 31 18

TollEdges
16 23
17 23
10 17
12 20
1 10
12 30
12 32
28 32
16 1
26 31
11 25
30 31
13 24
27 4
