50

Pairs
26 22 1
25 34 1
9 33 1
46 28 1
10 45 1

Edges
0 13 8
0 7 13
0 46 5
0 39 18
0 38 2
0 3 14
0 20 17
1 24 7
1 3 15
1 48 14
2 41 17
2 42 3
2 21 15
2 16 8
2 29 7
2 8 19
2 6 5
2 38 16
3 23 12
3 12 15
3 15 4
3 21 6
3 34 5
4 11 19
4 12 5
4 35 16
4 17 8
4 24 16
4 10 5
4 46 18
5 27 4
5 44 5
5 12 4
5 19 19
5 15 19
6 49 5
6 12 7
6 46 19
6 31 20
7 26 8
7 9 17
7 8 16
7 22 3
8 32 4
8 38 14
8 41 13
9 41 2
9 49 16
9 30 10
9 16 20
9 23 3
9 44 6
9 40 10
9 37 6
9 18 19
10 31 11
10 21 9
10 49 18
10 32 19
11 33 16
11 32 6
12 15 6
12 29 16
12 14 2
12 38 9
13 15 4
13 39 13
13 20 12
13 45 12
13 42 4
13 24 4
13 30 12
13 48 3
13 31 5
13 32 19
14 15 11
14 40 7
14 41 14
14 42 6
14 35 3
15 25 13
15 39 5
15 31 2
16 37 11
16 32 8
16 43 8
16 23 7
17 47 20
17 37 3
17 46 7
18 44 18
18 42 14
18 33 18
18 34 10
19 27 20
19 21 7
19 34 5
20 45 13
20 24 9
20 43 9
21 44 6
21 26 6
21 30 16
21 27 2
22 30 4
22 25 9
22 27 20
23 48 8
23 40 15
23 45 20
23 27 13
24 47 3
24 26 12
24 41 14
25 36 5
25 42 4
25 33 18
26 32 4
26 48 20
26 33 8
27 37 19
27 41 15
27 39 13
28 40 6
28 45 14
28 34 9
28 36 8
29 49 12
29 41 10
29 47 7
29 42 16
29 45 19
30 39 3
31 37 20
34 42 2
34 43 10
36 41 9
37 43 7
37 40 7
38 44 15
38 42 4
40 45 2
41 45 6
47 48 20

TollEdges
16 23
24 26
17 46
32 11
30 13
3 12
48 1
25 36
3 15
27 37
42 2
43 20
3 23
21 2
