45

Pairs
32 29 1
41 25 1
5 25 1
21 37 1
34 5 1
19 23 1
23 43 1
8 15 1
33 18 1
18 36 1
22 31 1
30 19 1
43 24 1
5 7 1
34 10 1

Edges
0 30 2
0 38 4
0 2 12
0 41 19
0 39 8
0 6 12
1 18 19
1 11 20
1 10 20
1 16 17
1 15 19
2 24 18
2 35 16
2 43 18
2 32 4
2 6 18
3 17 16
3 11 4
3 16 6
4 38 19
4 43 6
4 8 6
4 24 8
4 27 16
5 21 19
5 41 7
5 26 2
5 8 6
5 15 18
5 24 6
5 40 9
6 11 18
6 43 19
6 34 16
6 44 15
6 9 19
7 13 11
7 23 18
7 40 2
8 21 3
8 22 8
9 30 10
10 35 9
10 42 7
10 22 9
10 28 13
11 44 12
11 40 2
11 42 18
11 31 13
11 16 4
11 12 20
11 36 4
12 32 5
12 15 14
12 17 4
12 38 14
12 40 6
13 43 14
13 40 4
13 28 19
13 17 9
13 42 20
13 21 8
13 29 12
13 33 16
13 25 2
14 26 20
14 29 4
14 37 10
14 31 15
15 36 9
15 19 14
15 25 10
16 23 9
17 25 16
17 44 2
17 19 14
18 31 16
19 29 14
19 41 4
19 38 3
19 23 18
20 33 17
20 39 18
20 41 14
20 26 20
21 37 4
21 32 8
22 32 16
23 29 4
24 32 18
24 33 17
25 26 15
25 29 13
26 28 20
26 43 2
28 37 18
28 44 8
28 32 4
28 43 17
28 36 18
29 42 3
29 30 7
30 36 15
30 32 8
31 39 3
32 44 4
34 35 13
34 37 19
35 41 11
37 44 7
38 39 8
38 43 16
39 43 19
40 44 5

TollEdges
8 5
6 44
1 15
44 37
3 11
6 9
41 19
19 29
5 21
28 10
15 36
17 13
34 37
25 17
6 2
8 22
34 6
