30

Pairs
18 19 1
25 19 1
24 4 1
2 9 1
6 13 1
9 11 1
1 11 1
6 7 1
20 25 1
8 4 1
17 4 1
28 3 1
7 29 1
19 6 1
11 16 1
28 12 1
18 1 1
6 10 1
23 16 1
7 19 1

Edges
0 24 13
0 5 4
0 4 18
0 2 16
0 11 13
1 15 7
1 7 9
2 12 20
2 4 18
2 28 9
2 21 5
3 14 13
3 29 10
3 25 17
3 23 16
3 22 4
3 9 13
4 20 8
5 16 2
5 21 17
6 23 4
6 29 7
7 29 16
7 15 16
8 21 18
9 19 16
9 17 7
10 12 17
10 21 20
10 26 3
10 11 18
10 23 2
11 28 18
12 16 7
13 15 9
14 24 11
15 24 15
15 23 20
15 20 8
16 24 17
17 20 2
17 27 7
17 23 10
18 25 8
20 29 6
20 22 6
20 25 9
21 25 10
21 24 6
23 28 12
25 28 3

TollEdges
1 15
20 25
