55

Pairs
1 22 1
26 21 1
19 46 1
26 6 1
11 6 1

Edges
0 46 5
0 24 7
0 47 6
0 3 6
0 40 6
1 42 12
1 7 14
1 41 4
1 29 8
2 51 18
2 43 3
2 33 14
2 20 3
2 38 19
2 15 10
2 34 6
2 46 17
3 13 5
3 17 18
3 21 5
3 11 11
3 25 10
3 44 8
4 54 14
4 39 20
4 34 4
4 36 10
4 8 6
5 45 17
5 33 14
5 32 12
5 44 17
5 30 11
5 53 13
5 41 20
6 35 20
6 51 11
6 49 5
6 32 5
6 15 7
7 47 9
7 16 6
7 11 8
7 46 20
8 30 4
8 29 20
8 26 19
8 39 10
8 25 19
9 38 5
9 16 4
9 30 11
9 36 4
9 46 4
9 42 10
9 40 4
10 43 9
10 37 14
11 16 18
11 46 3
11 40 7
11 51 17
11 17 11
12 23 16
12 50 9
13 16 4
13 35 7
13 34 19
13 32 6
13 48 10
13 23 3
14 37 15
14 39 15
14 47 19
14 50 15
14 23 19
14 24 15
15 41 8
15 37 18
15 27 12
15 29 15
16 43 9
16 24 20
16 17 19
16 20 4
16 30 14
16 37 14
17 32 8
17 29 20
17 36 11
17 20 15
18 30 6
18 46 11
18 44 16
18 45 14
18 22 20
18 33 4
18 21 20
19 38 16
19 51 4
19 28 2
20 32 14
20 38 13
21 54 3
21 42 7
21 24 4
21 49 13
21 38 18
22 38 15
22 23 10
22 52 19
22 30 5
23 48 17
23 30 3
23 34 14
23 38 15
23 36 18
23 33 2
23 54 8
24 53 7
24 41 8
24 27 12
24 52 11
24 37 2
24 35 9
25 46 16
25 39 7
25 48 11
25 31 13
25 38 14
26 37 5
26 27 19
26 36 3
26 41 13
26 38 4
27 50 5
27 37 10
27 32 11
30 41 13
30 45 18
31 32 7
31 46 7
32 37 20
32 53 10
33 47 5
33 51 6
33 34 10
33 39 4
33 48 13
33 49 12
34 39 16
34 37 18
34 52 2
35 50 16
36 49 7
36 54 3
38 41 5
38 52 18
38 47 20
41 45 20
41 46 9
41 52 9
41 42 14
41 47 18
41 44 6
42 48 7
42 52 11
42 51 9
42 47 16
42 49 2
43 45 8
44 46 10
45 50 6
47 53 13
50 51 14

TollEdges
45 50
30 18
13 16
17 29
24 14
20 17
44 18
37 27
