35

Pairs
21 8 1
10 6 1
1 17 1
15 2 1
3 12 1

Edges
0 24 9
0 31 20
0 19 20
0 12 20
1 28 18
1 30 19
1 24 11
1 34 10
1 23 16
1 3 5
1 11 13
1 6 2
2 20 20
2 22 16
3 33 20
3 13 16
4 26 7
4 8 13
4 31 17
4 9 8
4 29 3
4 21 8
5 25 20
5 7 16
5 6 10
5 11 5
5 16 2
5 18 16
5 34 16
5 23 19
6 24 8
6 30 4
6 26 12
7 9 5
7 30 14
7 32 8
7 23 20
7 34 18
8 27 5
8 15 9
8 16 3
8 26 8
9 11 13
9 16 8
9 13 2
10 24 10
10 34 16
10 19 15
10 18 7
10 27 5
11 15 13
11 33 5
11 31 5
11 18 18
13 33 10
13 17 15
14 23 15
17 22 15
18 22 9
19 33 19
20 29 17
20 31 4
25 34 8
26 34 9
27 28 16
27 33 3
27 31 9
28 30 15
30 34 9
31 34 18

TollEdges
1 3
6 24
30 7
30 6
16 8
5 11
8 15
24 1
27 28
4 26
14 23
5 23
30 28
13 9
