40

Pairs
26 4 1
14 33 1
29 24 1
9 39 1
39 10 1
39 19 1
11 8 1
6 10 1
11 29 1
15 22 1
14 36 1
26 0 1
6 32 1
14 38 1
14 1 1
5 31 1
12 37 1
20 13 1
19 4 1
25 9 1

Edges
0 29 2
0 13 10
0 16 8
0 6 16
0 12 17
1 4 13
1 39 12
1 27 5
1 2 2
2 8 18
2 14 5
2 35 10
2 15 6
2 25 3
2 31 2
3 26 17
4 16 3
4 32 5
5 36 18
5 26 3
5 31 12
5 30 6
6 26 14
6 7 3
6 9 15
7 17 16
7 20 13
7 31 9
7 23 7
7 9 14
7 12 15
7 25 6
8 34 12
8 30 13
8 28 3
8 17 14
9 15 4
9 28 18
9 14 13
9 31 11
9 20 14
10 11 17
10 31 5
10 35 5
11 12 15
11 13 7
11 22 17
11 25 17
12 18 14
12 35 4
12 17 14
13 39 11
13 34 5
13 17 7
14 18 18
15 29 4
15 37 12
15 25 3
16 24 20
16 19 20
16 38 4
17 21 4
17 33 18
18 32 16
18 35 3
18 21 6
18 27 19
18 24 12
19 33 2
20 24 16
20 34 4
22 29 4
22 31 4
22 36 7
22 37 12
23 39 19
23 26 12
24 37 5
24 32 2
24 36 2
24 29 10
26 37 10
27 34 13
27 29 6
27 33 19
27 28 19
28 37 9
28 31 12
31 37 7
31 36 5
33 35 2
34 38 13

TollEdges
20 24
27 1
8 17
39 13
35 18
27 34
7 17
13 17
28 8
27 28
38 34
28 37
8 2
