60

Pairs
31 16 1
59 36 1
17 20 1
53 8 1
16 49 1
20 5 1
18 25 1
25 16 1
23 44 1
30 12 1
12 47 1
29 33 1
48 28 1
28 18 1
31 6 1
29 52 1
0 53 1
55 23 1
57 11 1
37 35 1
5 41 1
39 31 1
36 1 1
47 33 1
19 38 1
51 17 1
12 27 1
31 24 1
7 48 1
7 49 1
45 43 1
9 34 1
45 46 1
13 17 1
5 25 1
36 25 1
6 36 1
13 30 1
8 3 1
3 37 1

Edges
0 32 9
0 21 12
0 56 7
0 29 11
1 53 17
1 18 12
1 59 8
1 33 9
2 27 15
2 11 10
2 8 13
2 45 7
2 30 6
3 13 10
3 53 4
3 30 19
4 33 17
4 51 10
4 47 6
4 43 11
4 11 12
4 23 17
4 46 13
4 39 6
4 7 3
5 35 4
5 38 2
5 7 5
5 49 9
5 36 7
5 18 19
5 53 18
5 47 13
5 21 7
6 54 7
7 49 16
7 26 5
7 15 19
7 17 4
8 38 10
8 55 19
8 29 11
8 46 9
8 43 3
8 42 14
8 52 3
8 31 18
9 48 4
9 55 10
9 35 19
9 27 14
9 26 19
9 21 7
9 36 11
10 18 11
10 49 2
10 52 2
10 50 16
10 17 11
10 22 5
11 39 19
11 15 3
11 14 6
11 16 15
12 46 13
12 51 17
12 14 5
12 59 17
12 42 20
12 26 5
12 50 6
12 24 6
12 57 15
13 55 4
13 16 5
13 59 15
13 17 17
13 48 12
14 33 12
14 44 3
14 52 20
14 49 9
14 27 11
14 32 10
14 56 7
14 35 12
15 46 7
15 21 20
15 58 17
15 26 11
15 31 4
15 35 20
15 53 18
15 37 19
15 29 19
15 57 15
16 21 16
17 22 10
17 59 20
17 29 12
17 50 5
17 51 10
17 48 10
17 49 7
18 56 16
18 30 11
18 38 18
18 26 13
19 27 18
19 43 6
19 32 6
19 40 14
19 49 12
20 39 12
20 33 15
20 57 2
20 41 14
20 27 17
21 27 17
21 46 13
21 37 16
21 45 9
22 50 14
22 39 13
22 37 8
22 59 18
22 27 8
23 36 20
23 44 12
23 37 8
23 34 7
23 42 20
24 34 13
24 52 5
24 35 7
24 28 9
25 33 13
26 55 15
26 48 6
26 44 14
26 46 3
26 29 9
26 32 6
27 42 12
27 40 15
27 57 17
27 59 4
27 31 13
27 47 6
27 56 6
28 49 9
29 34 15
29 32 7
29 40 4
29 30 18
30 38 13
30 56 18
30 44 18
30 46 13
30 49 14
31 59 13
31 48 10
32 46 18
32 55 9
33 55 8
33 43 20
33 42 18
34 46 3
36 55 8
36 58 8
36 54 15
37 56 13
37 42 3
38 43 3
38 52 3
38 53 8
39 52 13
39 59 16
39 55 17
39 49 13
40 47 10
40 44 9
41 52 7
41 47 5
41 46 11
41 43 3
41 45 20
42 56 11
43 53 12
43 46 10
43 54 8
44 55 17
44 59 11
44 47 18
45 53 13
45 58 13
45 56 8
45 51 14
46 48 13
46 57 9
47 58 11
47 52 15
47 57 8
48 59 3
48 52 3
49 50 14
52 53 3
53 56 14

TollEdges
8 42
47 58
29 40
11 14
30 44
39 49
59 39
31 59
50 22
26 9
41 46
38 8
29 34
45 51
1 59
4 51
34 24
10 50
24 35
32 0
53 38
30 49
22 39
19 27
47 57
46 12
32 46
56 37
52 41
21 15
27 2
44 40
52 14
42 56
44 14
27 40
14 32
7 15
47 40
57 27
59 22
