45

Pairs
3 24 1
18 37 1
8 18 1
34 37 1
15 8 1
4 15 1
42 20 1
0 21 1
33 18 1
43 5 1

Edges
0 14 6
0 4 14
0 28 6
0 43 20
0 35 14
0 3 10
1 35 5
1 17 19
1 27 19
1 22 10
1 24 20
1 12 7
2 33 3
2 13 5
2 43 16
2 25 19
2 42 7
3 24 17
3 34 8
3 23 5
3 39 18
3 15 8
3 7 10
4 28 15
4 19 17
4 12 18
4 44 3
4 43 13
4 41 5
5 10 6
5 28 18
5 22 15
6 34 17
6 21 18
6 37 16
6 23 12
6 44 14
6 33 7
6 17 6
7 36 3
7 22 19
8 16 4
8 20 5
9 22 5
9 36 3
9 38 10
9 15 14
9 44 11
9 27 16
9 17 2
10 23 13
10 38 19
11 19 15
11 39 10
11 35 17
11 25 5
12 35 19
12 16 12
12 31 9
12 17 13
12 24 3
12 29 6
13 22 17
13 28 7
13 35 10
14 33 14
14 21 17
14 31 11
14 25 11
14 20 18
15 40 3
15 44 6
15 34 7
15 24 14
17 43 14
17 23 20
17 19 8
17 44 4
17 24 8
18 28 20
18 30 2
18 26 4
18 21 10
19 32 20
19 37 19
19 38 7
19 23 2
21 44 14
21 31 18
22 38 9
22 41 8
22 36 15
22 34 14
23 33 10
23 37 5
23 41 6
23 25 14
24 34 10
24 27 15
25 38 8
27 33 6
28 35 2
29 32 2
29 30 7
31 40 12
33 38 5
33 41 8
33 34 6
34 44 17
35 43 17
36 43 16
37 41 9
37 39 5
38 42 14
39 44 17
40 43 20

TollEdges
24 1
34 22
1 12
3 7
0 4
