60

Pairs
21 49 1
43 29 1
3 10 1
15 45 1
55 3 1
44 18 1
58 59 1
5 11 1
11 19 1
51 0 1
29 24 1
7 54 1
28 22 1
45 2 1
21 32 1
17 47 1
7 15 1
8 37 1
26 20 1
57 34 1
8 57 1
42 19 1
14 32 1
5 19 1
48 52 1
19 33 1
55 51 1
46 7 1
57 58 1
33 24 1

Edges
0 11 19
0 27 17
0 33 18
0 9 10
0 2 15
0 54 18
0 14 11
0 49 8
0 53 19
0 16 10
0 44 10
1 2 7
1 49 11
1 31 9
1 53 17
2 31 9
2 44 7
2 59 18
2 4 9
3 17 7
3 24 4
3 53 17
3 44 2
3 38 20
3 30 20
3 31 5
3 29 5
3 55 5
3 23 19
4 43 17
4 55 13
4 39 5
4 15 15
4 14 8
4 52 18
4 10 12
4 40 10
5 19 5
5 18 14
5 29 18
5 27 13
5 39 17
5 47 19
5 35 11
6 58 12
6 23 3
6 31 3
6 40 2
6 46 7
6 59 19
7 28 7
8 40 12
8 42 18
8 30 9
8 45 12
8 11 7
8 31 5
8 53 2
9 36 4
9 39 4
9 52 12
9 12 6
9 34 17
9 41 20
9 19 10
9 49 9
9 42 6
10 31 3
10 46 18
10 56 11
10 37 6
10 54 18
11 36 12
11 15 10
11 41 8
11 58 13
11 48 13
11 12 16
11 23 2
12 43 16
13 51 12
13 55 18
13 33 3
13 46 17
13 18 7
13 47 4
13 53 11
13 32 19
13 41 20
13 20 14
14 32 18
14 38 10
14 24 11
14 54 18
14 50 9
14 44 5
15 24 11
15 41 7
15 59 16
15 45 4
15 43 19
16 33 20
16 55 12
16 23 8
17 26 15
17 56 10
17 20 19
18 23 14
18 22 7
18 45 7
18 37 20
19 40 17
19 57 4
19 48 11
20 34 7
20 56 17
21 48 14
21 37 3
21 40 18
21 36 11
21 33 14
21 56 20
21 46 16
21 35 8
21 41 16
21 39 2
21 28 4
21 59 7
22 44 12
22 30 12
22 46 8
22 57 7
22 42 8
22 35 7
22 48 9
23 44 7
23 56 12
23 37 17
24 32 3
24 42 18
24 38 4
25 57 12
25 39 5
25 49 3
25 38 16
26 34 4
26 55 18
26 50 12
26 41 5
26 59 7
26 53 9
26 32 2
26 35 7
27 42 8
27 37 15
27 48 16
28 37 10
28 50 8
28 46 8
28 40 11
29 43 9
29 34 3
29 54 14
30 54 11
30 47 15
31 53 16
31 54 18
31 43 7
31 41 11
31 33 19
32 43 11
32 46 3
32 42 2
33 56 2
33 44 16
33 48 2
34 38 16
34 44 2
35 36 9
35 50 15
35 55 9
35 56 7
35 43 12
36 59 11
36 41 16
37 54 17
37 53 10
38 46 5
39 44 2
39 48 12
40 58 5
40 46 5
41 54 12
41 47 4
42 43 13
42 55 3
42 59 8
43 48 8
43 46 14
44 59 17
45 57 4
46 59 6
46 49 18
46 58 9
47 51 8
50 59 17
53 55 9
54 58 20

TollEdges
10 54
41 11
56 10
16 0
2 1
30 8
31 41
46 43
33 16
54 41
22 35
15 41
6 23
31 33
44 2
21 40
37 23
4 52
29 54
26 53
31 1
59 42
2 59
12 9
6 40
13 55
0 44
45 18
14 24
41 21
55 35
22 48
4 55
30 22
24 38
14 4
15 43
49 46
13 32
43 12
0 11
