30

Pairs
8 5 1
28 19 1
11 1 1
0 3 1
16 18 1
7 15 1
18 5 1
23 2 1
7 3 1
1 4 1
9 26 1
13 11 1
4 9 1
25 2 1
9 14 1
7 15 1
27 12 1
7 6 1
23 8 1
12 2 1

Edges
0 9 11
0 23 13
1 13 6
1 14 19
2 12 13
2 5 9
2 19 12
2 17 8
2 6 6
3 20 12
3 7 18
4 28 11
4 20 5
4 27 15
4 9 14
5 23 7
5 20 7
6 14 12
6 15 6
6 28 20
7 8 6
7 28 18
7 18 5
9 20 8
9 16 16
9 10 9
10 18 2
10 29 11
10 19 10
11 28 19
13 19 2
13 29 6
13 25 7
13 22 17
14 22 10
14 20 5
14 23 20
14 24 15
14 29 17
14 21 14
16 17 17
17 23 9
17 28 13
18 19 7
19 26 6
19 28 9
20 25 17
21 24 10
23 27 15
23 29 13
24 26 10

TollEdges
0 9
3 20
1 13
19 28
7 18
