30

Pairs
8 27 1
2 13 1
8 5 1
27 21 1
16 25 1
4 9 1
14 4 1
29 22 1
8 7 1
19 8 1
19 13 1
2 7 1
10 12 1
28 6 1
6 4 1
11 16 1
20 8 1
29 14 1
4 7 1
17 21 1

Edges
0 7 13
0 18 15
0 24 18
0 15 7
1 4 20
1 25 13
1 14 10
1 29 19
2 3 4
2 28 11
2 26 19
2 7 16
2 13 9
2 21 4
3 6 3
4 10 11
5 18 14
5 10 20
6 10 12
6 12 4
7 14 17
7 8 6
8 28 17
8 25 9
9 14 20
9 17 4
10 11 18
10 24 19
11 17 2
12 13 13
12 19 5
13 26 7
13 29 19
13 15 4
13 17 11
14 17 4
14 26 10
15 28 5
16 23 2
16 28 7
17 20 19
17 25 14
17 27 8
17 22 17
18 28 19
19 28 3
19 26 20
20 26 12
20 29 20
21 23 8
23 26 4

TollEdges
2 7
2 13
4 10
6 10
11 17
7 8
8 25
17 25
6 12
8 28
