55

Pairs
17 18 1
32 36 1
38 27 1
40 54 1
17 20 1
23 51 1
30 24 1
18 54 1
30 48 1
18 0 1
7 37 1
10 3 1
12 13 1
27 11 1
41 12 1
36 1 1
6 41 1
13 45 1

Edges
0 5 13
0 9 16
0 43 4
0 7 10
0 46 17
0 42 4
0 50 5
0 12 5
1 27 12
1 46 15
1 3 19
1 49 14
1 33 6
1 17 3
1 12 17
2 44 12
2 40 8
2 35 7
2 41 10
2 42 20
2 54 6
2 15 4
3 42 12
3 35 14
3 6 11
3 17 6
3 34 7
3 49 18
3 12 16
4 18 18
4 26 15
4 17 19
4 24 18
4 39 3
5 21 3
5 25 5
5 37 4
5 34 12
5 31 18
5 28 14
5 47 9
6 14 14
6 13 2
6 50 9
6 31 11
7 41 20
7 47 9
7 38 2
8 25 12
8 43 6
8 49 8
8 33 2
8 44 5
9 45 18
9 10 19
9 21 15
9 12 13
9 32 6
9 29 17
10 35 4
10 12 9
10 21 14
10 22 6
10 34 10
11 20 14
11 18 12
11 15 20
11 45 15
12 26 5
12 15 12
12 25 4
12 48 8
12 46 17
13 32 13
13 47 13
13 54 20
13 25 5
15 29 2
15 41 19
15 36 17
15 46 19
15 31 8
15 18 8
15 43 12
16 27 17
16 52 4
16 49 9
16 44 5
16 45 11
16 34 16
17 23 8
18 53 12
18 37 16
18 21 6
18 25 12
18 45 4
18 19 16
18 44 16
18 47 14
19 52 15
19 49 6
19 41 17
19 47 4
19 22 4
20 31 16
20 54 10
21 36 12
21 39 11
21 32 14
21 24 5
22 52 15
22 34 2
22 48 11
22 25 19
23 31 10
23 34 19
23 30 17
23 27 8
24 46 12
24 31 10
24 51 9
25 30 18
25 50 15
25 53 13
25 49 15
27 33 14
27 51 17
27 40 12
27 52 17
28 31 20
28 48 2
29 45 18
29 44 7
29 30 3
29 53 19
31 54 9
32 51 3
32 35 11
32 46 10
32 54 2
33 34 8
33 35 7
33 41 4
33 43 18
33 46 8
33 51 8
34 36 11
34 39 10
35 48 10
35 52 11
35 45 12
36 41 12
36 53 4
36 50 3
36 37 7
37 45 10
38 45 17
38 49 19
40 51 11
40 43 5
40 46 19
41 48 7
41 53 14
41 42 18
41 45 12
42 49 20
44 48 12
44 49 3
46 52 8
47 52 9
47 50 12
48 49 5
49 51 15
49 52 19
49 53 8

TollEdges
10 9
20 11
24 4
25 53
34 10
3 49
1 12
34 16
