30

Pairs
3 25 1
5 23 1
9 19 1
2 23 1
25 7 1
20 12 1
13 17 1
27 24 1
16 29 1
11 3 1

Edges
0 16 15
0 2 13
0 27 12
0 3 4
0 12 15
0 22 11
1 4 2
1 26 3
2 5 18
2 6 10
2 28 20
2 20 3
2 17 5
2 8 10
2 22 3
3 9 9
3 21 17
3 24 6
4 9 12
4 23 19
4 13 11
4 10 16
4 21 19
4 19 3
5 9 8
6 26 17
6 11 9
7 15 17
7 29 10
8 14 19
9 25 11
9 18 5
10 26 11
10 15 14
10 11 3
12 28 17
13 21 3
13 14 12
14 23 9
14 24 16
15 18 17
16 19 17
16 28 8
17 27 19
18 23 5
19 22 2
20 23 7
21 27 18
22 25 9
24 27 2
26 27 4

TollEdges
2 20
9 25
9 18
4 19
24 27
7 15
2 28
