50

Pairs
4 44 1
35 5 1
36 34 1
0 45 1
43 1 1
1 40 1
28 11 1
42 17 1
11 32 1
8 29 1
48 9 1
34 9 1
36 5 1
35 45 1
33 49 1
25 32 1
9 41 1
10 17 1
23 43 1
19 31 1
47 27 1
45 36 1
49 25 1
18 19 1
11 43 1

Edges
0 2 14
0 14 18
0 24 20
0 22 11
1 4 10
1 39 6
1 16 4
1 25 6
1 7 16
1 36 14
1 11 16
1 24 9
2 25 17
2 4 2
2 47 13
2 42 15
2 24 14
2 40 13
2 3 10
2 48 10
3 45 13
3 40 8
3 17 5
3 16 15
3 11 6
4 13 4
4 42 6
4 23 8
4 37 6
5 38 12
5 42 14
5 8 2
5 12 18
6 31 20
6 32 10
6 10 3
7 37 12
7 47 13
7 32 17
7 38 15
7 18 16
7 27 2
7 41 11
7 31 9
8 30 8
8 29 9
8 16 20
9 45 10
9 22 13
9 32 3
9 16 4
10 41 16
10 46 11
10 23 6
10 28 20
10 25 2
10 30 19
10 19 7
10 26 12
11 23 13
11 48 4
11 26 20
11 13 3
11 39 6
12 27 13
12 18 20
12 26 11
12 28 7
12 49 8
13 18 7
13 35 10
13 33 2
13 20 2
13 38 8
13 15 7
13 46 3
14 44 8
14 37 17
14 16 15
15 32 14
15 42 11
16 43 16
16 49 12
16 23 7
17 44 7
17 29 10
17 43 12
18 25 6
18 20 20
18 35 13
19 23 2
19 45 5
19 20 12
19 30 12
20 21 11
21 27 15
21 32 15
21 24 9
21 33 15
22 31 18
23 39 19
23 46 9
23 29 6
23 49 14
23 32 18
24 27 8
24 41 7
25 29 5
25 48 18
26 44 16
26 28 12
26 35 11
27 42 14
28 43 13
28 41 6
28 45 9
28 29 10
28 32 8
29 42 11
29 37 17
29 46 11
30 37 10
30 31 17
31 47 5
31 34 18
31 48 3
31 38 11
32 45 4
33 34 18
33 43 15
33 40 2
33 45 20
35 44 11
36 37 9
36 49 9
40 41 17
40 44 2
41 47 15
43 48 12
45 48 13
46 49 19
46 47 5
46 48 20
47 49 5

TollEdges
14 44
20 21
22 31
41 24
47 2
32 23
24 1
42 4
41 10
3 16
10 28
29 28
28 26
35 44
