35

Pairs
20 34 1
17 11 1
21 30 1
0 21 1
23 31 1
13 30 1
1 31 1
8 3 1
26 17 1
1 12 1
34 32 1
31 11 1

Edges
0 31 4
0 27 3
0 15 15
0 19 18
0 29 2
0 34 20
1 22 19
1 18 13
2 19 4
2 13 16
3 20 11
3 31 15
3 28 12
3 14 4
4 13 9
4 21 3
4 15 10
4 19 15
4 5 4
4 11 2
4 22 15
5 26 12
5 6 3
5 16 4
7 26 5
7 20 15
8 30 15
8 34 5
8 32 19
8 20 18
8 13 15
8 23 15
8 18 4
9 24 4
9 22 9
10 21 3
10 30 6
10 16 5
10 34 5
11 34 8
11 20 17
11 30 19
11 22 19
12 21 5
12 29 20
13 34 14
14 27 6
14 33 7
14 29 3
15 16 7
15 22 6
15 21 10
15 26 6
15 29 18
16 26 16
16 33 5
17 26 15
17 20 8
17 18 10
18 24 4
19 24 6
19 29 7
21 23 3
21 29 17
23 29 6
23 28 17
25 26 5
25 29 18
28 33 17
30 34 4

TollEdges
0 29
23 29
21 23
1 22
15 22
0 31
8 34
