45

Pairs
4 11 1
15 20 1
9 41 1
25 32 1
33 13 1

Edges
0 41 18
0 40 5
0 8 13
0 21 15
0 15 8
0 31 4
0 14 15
0 42 20
0 29 12
0 1 15
0 3 3
1 24 9
1 36 13
1 2 2
1 16 12
1 35 20
1 18 6
1 17 9
1 41 6
1 39 17
2 10 13
3 30 12
3 26 13
3 7 14
3 29 11
4 32 11
4 30 19
4 41 17
4 8 2
4 34 6
5 9 13
5 27 10
5 16 17
5 35 2
6 32 4
6 21 10
6 43 20
6 18 6
6 38 17
7 19 13
7 20 7
7 11 17
7 14 8
8 20 4
9 42 13
9 14 20
9 29 13
9 12 2
10 25 17
10 15 6
10 13 11
11 28 20
11 24 10
11 26 5
12 38 15
12 36 12
12 22 11
12 19 6
12 27 12
13 23 10
13 44 20
13 39 6
13 37 4
13 33 20
14 34 19
14 42 7
14 41 20
14 22 19
15 24 6
15 18 15
15 44 18
16 27 10
16 25 10
16 41 15
17 35 19
17 34 17
17 20 19
18 38 16
18 40 18
19 37 17
19 23 2
19 28 4
19 22 19
19 43 15
20 28 19
20 37 19
20 23 16
20 22 20
21 30 14
21 35 11
22 30 18
22 32 11
22 25 16
22 43 12
23 31 18
24 30 3
24 33 16
24 36 17
25 40 15
26 28 11
26 32 20
26 40 4
26 37 15
26 29 13
27 31 19
28 30 19
28 33 3
29 31 4
30 36 4
31 40 16
32 35 9
36 40 2
38 41 11
39 42 3
40 44 11
41 44 3

TollEdges
22 30
18 40
0 42
14 42
10 15
37 13
3 29
20 22
14 0
27 12
11 7
0 21
43 19
30 28
4 34
28 26
17 1
19 37
35 32
27 31
36 24
35 17
1 18
