35

Pairs
6 30 1
6 7 1
12 18 1
32 21 1
33 25 1
29 10 1
7 19 1
7 28 1
13 31 1
29 23 1
4 28 1
5 19 1
19 4 1
4 33 1
31 13 1
25 16 1
25 5 1
21 17 1

Edges
0 7 15
0 14 19
1 33 16
1 16 20
1 30 8
1 10 12
1 22 14
1 19 15
1 18 11
2 7 5
3 14 6
3 9 17
3 19 3
3 17 10
3 31 15
3 32 3
4 34 4
4 24 8
5 10 7
5 28 15
5 32 18
5 11 8
5 7 7
5 6 5
6 24 4
7 11 11
7 26 16
7 34 3
8 21 7
8 12 18
9 17 7
9 26 9
9 21 5
9 27 16
10 33 11
10 28 13
10 17 5
10 19 7
11 24 13
11 12 16
12 14 10
12 33 7
13 32 17
13 31 12
14 19 7
14 32 15
14 25 20
15 16 5
16 22 17
17 33 12
17 34 20
17 26 18
18 20 3
19 32 5
21 32 10
22 26 16
22 25 5
22 24 10
23 34 6
24 34 2
24 25 20
25 33 16
25 32 16
25 31 13
26 32 19
29 32 18
31 34 8
32 33 20
32 34 17
33 34 6

TollEdges
4 34
7 34
5 7
5 28
5 10
10 19
6 24
22 24
13 31
19 32
