55

Pairs
18 16 1
10 31 1
48 16 1
54 19 1
37 33 1
3 46 1
2 3 1
33 24 1
9 37 1
44 51 1
37 7 1
44 30 1
45 3 1
11 54 1
35 47 1
11 27 1
13 54 1
14 12 1
4 7 1
33 11 1
27 42 1
18 41 1
16 11 1
19 11 1
13 18 1
46 13 1
24 38 1
40 54 1
47 48 1
4 22 1
22 11 1
38 43 1
44 1 1
38 10 1
43 42 1
39 38 1
35 38 1

Edges
0 54 16
0 20 19
0 42 15
0 7 2
0 29 10
0 11 12
0 2 2
1 10 8
1 42 9
1 13 3
1 8 6
1 28 18
1 52 6
1 5 10
2 52 20
2 4 3
2 13 12
2 49 4
2 23 16
2 53 17
3 17 13
3 13 8
3 26 18
3 21 8
3 43 12
3 18 6
3 10 12
4 16 8
4 26 3
4 20 14
4 9 4
4 53 4
4 38 15
4 37 16
4 24 16
4 8 8
5 45 10
5 31 18
5 18 16
6 35 6
6 47 8
6 30 16
6 37 10
6 22 12
7 29 18
7 12 10
7 23 2
7 45 14
7 21 11
7 11 18
7 9 15
8 54 6
8 23 7
8 47 2
8 11 7
8 51 16
8 29 4
9 33 10
9 51 13
9 13 16
9 49 6
9 52 19
10 13 5
10 51 2
10 34 15
11 18 3
11 28 10
11 35 16
13 41 14
13 19 7
13 27 20
13 39 18
13 35 4
13 46 6
14 17 2
14 29 2
14 30 12
14 36 20
15 47 17
15 20 18
15 36 12
16 22 17
16 33 9
16 46 18
16 17 9
16 50 5
17 47 2
17 44 8
17 35 6
17 31 7
17 36 5
17 26 3
18 50 4
18 53 13
18 48 12
18 24 9
19 20 20
19 54 15
19 26 15
19 21 7
19 46 19
20 34 13
20 46 11
20 53 5
20 50 13
20 54 17
20 40 2
20 28 13
21 33 12
21 45 16
21 26 8
21 24 15
22 32 18
22 37 2
22 48 19
22 36 8
22 28 17
23 43 17
23 54 12
23 50 2
23 49 13
24 38 20
24 28 19
24 41 11
24 34 9
24 45 6
24 53 13
25 48 3
26 38 9
26 39 17
26 43 20
26 35 13
26 54 8
26 42 15
26 29 3
27 34 20
27 50 11
27 37 17
28 45 10
28 31 4
29 52 15
29 54 20
29 45 13
29 48 15
30 35 13
31 50 15
31 52 20
31 32 12
32 35 2
32 36 20
32 38 18
32 50 11
32 49 17
33 48 6
34 42 12
34 36 5
37 51 15
37 50 6
38 40 3
38 48 12
38 45 5
39 44 20
39 48 20
39 41 12
40 51 10
41 42 8
43 48 16
43 50 7
44 46 17
44 47 18
44 52 13
46 48 20
48 52 19
49 54 3
50 51 16

TollEdges
50 32
28 20
37 51
53 2
20 19
6 47
30 6
27 34
47 44
45 5
11 0
5 18
1 5
45 7
7 11
50 31
44 39
25 48
38 24
2 23
41 42
32 36
6 37
8 51
36 15
10 3
49 23
31 5
21 3
4 53
38 32
21 26
8 4
1 10
36 34
