55

Pairs
10 13 1
31 46 1
26 33 1
7 44 1
43 9 1
2 28 1
4 52 1
36 2 1
38 11 1
45 21 1
31 32 1
22 34 1
2 14 1
37 22 1
2 4 1
35 10 1
12 45 1
14 54 1
11 36 1
0 41 1
11 15 1
9 13 1
35 18 1
52 38 1
14 39 1
35 50 1
6 49 1
49 21 1

Edges
0 1 4
0 39 20
0 13 9
1 40 20
1 18 19
1 39 5
1 43 8
2 52 3
2 46 16
2 9 5
2 53 13
2 34 11
2 21 5
2 32 14
2 22 9
3 51 13
3 10 17
3 36 16
3 23 19
3 49 10
3 29 2
3 7 19
3 11 11
3 15 10
4 38 3
4 46 17
4 54 17
4 23 20
4 18 7
5 48 9
5 19 5
5 23 11
5 28 16
5 53 20
6 50 13
6 49 4
6 23 3
6 36 7
6 16 10
6 31 18
7 10 14
7 11 7
8 28 10
8 52 12
8 46 6
8 11 14
8 31 10
8 38 11
9 54 2
9 24 15
9 37 8
9 18 17
9 33 15
10 21 18
10 20 4
10 34 18
10 49 4
10 53 13
10 54 12
10 39 5
10 52 11
11 23 6
11 13 12
11 45 17
11 39 20
11 16 7
12 38 3
13 19 8
13 32 15
13 51 9
14 21 19
14 38 13
14 41 20
14 19 3
14 30 8
14 23 7
14 29 20
14 31 18
15 49 5
15 19 16
15 46 6
15 47 18
15 36 12
15 42 13
16 34 18
16 50 18
16 35 3
17 33 11
17 37 10
17 24 15
19 36 8
19 29 9
19 25 17
19 54 7
19 32 6
19 35 2
19 28 3
19 44 19
20 32 3
20 40 9
20 35 19
20 29 6
21 47 9
22 29 15
22 38 11
22 50 9
22 45 12
23 28 15
23 52 10
24 51 3
24 38 19
24 28 16
24 37 9
24 36 13
25 39 2
25 28 3
26 40 15
26 51 9
26 32 7
26 35 15
27 52 3
27 38 9
27 44 11
27 33 8
28 48 3
28 41 5
28 36 10
29 31 12
29 41 15
29 42 7
29 54 9
29 32 6
30 45 20
30 51 10
31 43 14
31 32 3
31 46 9
32 47 20
32 39 16
32 51 13
32 35 19
32 43 20
32 41 13
32 53 20
33 38 8
33 36 12
33 46 18
33 37 19
33 40 13
34 47 15
34 45 15
35 36 16
35 39 20
35 46 7
35 40 13
36 47 14
36 53 2
36 42 10
36 46 8
37 45 11
39 42 14
39 50 9
39 47 5
39 52 2
40 50 4
44 46 20
44 50 7
45 48 3
45 52 2
46 47 8
47 50 2
47 51 8
47 53 13
48 54 12
49 54 10

TollEdges
14 38
11 39
44 46
36 19
34 47
29 32
25 19
32 41
48 45
33 9
24 51
46 35
35 36
43 31
3 23
23 5
26 35
