45

Pairs
22 6 1
6 27 1
21 17 1
38 29 1
21 3 1

Edges
0 38 20
0 24 7
0 3 11
1 38 9
1 21 8
1 28 14
1 32 16
1 42 16
2 26 2
2 7 18
2 14 19
2 6 18
2 11 17
2 22 16
2 12 17
2 5 20
3 31 17
3 7 19
3 41 10
3 9 20
3 32 6
3 40 15
3 38 13
3 11 16
4 27 12
4 44 2
4 17 8
5 43 16
5 30 6
5 26 18
5 12 4
6 13 16
6 15 15
6 21 7
6 17 17
6 43 8
6 7 18
6 41 11
6 10 5
6 33 15
6 44 3
7 33 3
7 42 9
7 17 17
7 28 3
7 22 11
8 30 11
8 29 13
9 41 18
9 33 10
9 12 8
9 10 13
10 26 14
11 16 11
11 30 18
11 18 16
11 29 14
11 26 16
11 35 12
11 40 19
12 39 18
12 30 9
12 34 9
12 31 16
13 42 10
14 20 16
14 18 19
14 25 12
15 37 18
15 43 5
15 22 15
15 26 14
15 35 9
16 23 9
16 29 11
16 39 6
17 36 11
17 39 5
17 33 5
17 27 7
18 37 7
18 35 7
18 33 7
18 20 5
18 43 19
19 42 9
20 37 12
20 27 11
21 39 4
21 23 9
22 34 11
23 30 3
23 38 16
24 40 2
25 28 8
26 27 11
26 28 11
26 33 15
27 33 4
29 42 16
29 33 2
29 30 13
29 38 13
29 39 17
31 38 7
32 40 17
32 43 19
33 44 15
34 37 16
35 44 12
35 37 16
36 40 3
36 44 3
36 42 9
38 41 13
40 44 11

TollEdges
1 21
17 33
7 42
32 43
31 3
