35

Pairs
2 6 1
26 19 1
15 34 1
11 28 1
5 20 1
11 24 1
32 28 1
11 3 1
32 4 1
18 8 1

Edges
0 5 18
0 28 5
1 16 20
1 23 13
1 34 17
2 22 7
2 14 10
2 30 20
2 8 6
2 21 16
2 20 2
3 27 18
3 16 3
4 20 7
4 12 11
4 17 9
5 7 3
5 30 19
5 8 14
6 9 20
6 29 15
7 16 16
7 15 16
7 26 10
7 17 13
7 14 8
7 19 12
7 18 19
9 14 20
9 20 11
10 22 7
10 29 11
10 11 3
10 20 15
10 26 15
10 34 11
11 22 9
11 33 12
11 19 11
12 26 8
13 21 2
14 21 15
14 19 17
15 29 12
15 24 12
15 27 11
15 22 19
16 27 3
16 31 20
16 20 15
17 22 7
17 23 5
18 19 13
19 20 11
19 23 3
21 32 14
21 25 20
21 30 3
22 31 20
22 23 15
23 25 9
24 34 11
25 30 13
27 28 5
27 32 17
29 32 3
30 32 10
30 31 14
31 34 8
31 33 6

TollEdges
2 20
2 8
10 11
10 20
24 34
10 29
29 32
27 32
27 28
21 2
23 25
31 33
17 22
23 1
