50

Pairs
0 3 1
37 15 1
20 23 1
46 13 1
42 23 1
10 29 1
4 28 1
3 35 1
28 23 1
11 30 1
21 19 1
21 45 1
14 34 1
3 29 1
2 18 1
0 21 1
21 32 1

Edges
0 5 15
0 27 7
0 40 9
0 48 17
0 46 4
1 8 16
1 30 14
1 18 10
1 7 7
1 15 19
1 40 8
2 28 8
2 49 5
2 18 2
3 48 7
3 49 6
3 13 8
3 33 13
3 24 18
4 41 16
4 44 12
5 11 3
5 25 16
5 47 15
5 44 10
5 12 6
6 35 18
6 46 15
6 16 20
6 20 19
6 42 6
7 16 10
7 9 17
7 29 15
7 26 3
7 47 5
7 43 13
8 29 14
8 17 6
8 45 15
8 36 17
9 19 9
9 41 18
9 32 13
9 31 10
9 17 13
9 12 4
9 18 4
9 39 12
10 42 20
10 20 19
10 19 14
10 24 7
10 28 15
10 18 6
11 13 12
11 12 4
12 39 20
12 41 16
12 48 16
12 16 5
12 13 9
13 47 4
13 28 19
13 48 17
14 16 9
14 27 15
14 25 8
14 29 19
15 25 16
15 16 20
15 45 14
15 39 4
16 18 20
16 40 4
16 27 10
16 17 5
16 39 11
17 41 11
17 18 13
17 40 10
17 20 20
18 41 3
18 22 14
18 23 11
18 39 9
19 22 8
19 32 2
19 30 18
20 22 14
20 30 5
20 47 20
21 38 16
21 22 15
21 36 19
22 35 15
22 42 4
23 34 4
23 27 14
23 45 13
23 37 15
23 35 6
24 36 19
25 35 6
25 42 7
25 49 7
26 44 19
26 28 15
27 34 7
27 44 16
28 38 7
28 33 20
29 42 12
29 45 15
29 47 16
30 33 15
30 31 13
31 42 20
31 47 14
31 40 16
32 41 4
32 46 19
33 45 16
33 39 2
33 35 13
33 41 2
34 35 6
34 47 17
35 42 13
35 44 16
35 39 4
35 47 4
35 48 6
35 41 10
35 38 13
36 42 11
36 45 11
36 37 12
37 49 11
39 41 5
39 44 12
39 42 18
42 43 6
43 48 16

TollEdges
44 26
11 13
41 32
39 33
35 44
1 30
23 45
