35

Pairs
3 7 1
21 22 1
12 2 1
30 14 1
26 17 1
5 21 1
28 8 1
33 12 1
17 13 1
16 33 1
7 30 1
24 22 1

Edges
0 1 4
0 18 9
0 9 12
0 28 13
0 19 11
1 7 3
1 33 6
1 28 11
1 10 19
2 13 17
2 30 5
2 12 14
2 7 10
3 23 13
3 5 10
3 14 2
3 24 20
3 30 15
4 15 17
4 34 17
4 24 4
4 19 12
4 27 11
4 20 8
4 30 7
5 25 2
5 27 19
6 19 5
6 33 5
6 21 20
7 15 8
7 34 11
7 21 9
8 16 20
8 31 19
8 24 19
8 12 2
9 16 10
9 30 14
9 15 19
10 31 7
11 23 15
11 22 8
11 30 9
11 17 2
12 18 17
13 16 20
13 23 8
13 30 13
13 25 8
13 19 2
13 28 10
14 28 20
14 18 2
14 15 9
15 17 10
15 21 3
16 32 8
16 19 16
16 31 6
17 34 15
18 27 8
19 30 18
20 32 7
20 26 20
20 24 19
21 23 13
21 29 18
22 32 6
25 28 13

TollEdges
3 14
15 21
2 7
