45

Pairs
40 11 1
28 24 1
7 34 1
42 26 1
7 37 1
26 41 1
28 2 1
7 34 1
8 6 1
12 25 1
17 9 1
28 22 1
0 26 1
42 30 1
16 4 1
28 0 1
16 41 1
22 35 1
28 0 1
40 4 1
20 27 1
3 37 1

Edges
0 37 17
0 26 9
0 6 9
0 11 15
0 24 18
0 17 19
1 34 5
1 21 16
2 12 15
2 29 16
2 38 9
2 18 16
2 36 5
3 7 6
3 19 4
3 24 10
3 15 13
3 5 15
3 35 5
4 23 20
4 35 17
4 24 16
4 12 5
4 27 17
5 28 17
5 21 17
5 35 2
6 8 9
6 34 4
6 38 10
6 22 12
7 15 6
7 22 10
7 42 17
7 20 2
7 31 11
8 37 13
8 29 6
8 13 3
8 44 17
8 19 20
8 18 7
8 12 11
9 27 10
9 30 20
9 26 20
10 18 6
10 19 7
10 31 6
11 34 12
11 25 13
11 40 3
12 14 16
13 17 17
13 37 13
13 40 15
13 23 2
13 21 5
14 38 5
14 19 2
14 21 19
14 39 12
14 30 3
14 18 18
15 27 3
15 44 5
16 41 12
16 29 3
16 28 2
16 42 8
17 38 10
17 43 11
18 24 2
19 43 7
19 25 4
19 23 13
20 30 3
20 26 6
20 33 15
20 29 7
21 35 5
21 24 8
22 38 18
22 36 9
23 29 5
23 37 6
24 38 17
24 39 13
24 43 14
24 35 5
25 27 16
25 29 6
26 37 2
26 29 8
27 30 12
27 32 9
27 34 5
27 33 10
27 40 3
28 33 6
28 41 6
29 38 12
29 30 16
30 41 6
30 40 16
31 38 17
32 38 8
32 37 9
34 40 10
34 43 11
34 35 5
35 39 17
36 42 17
38 42 2
38 39 7
40 44 8

TollEdges
30 40
43 17
6 0
30 29
43 34
33 27
36 42
19 8
33 28
8 37
24 0
