30

Pairs
29 14 1
11 7 1
14 10 1
17 15 1
21 17 1
8 7 1
15 4 1
11 5 1
28 27 1
16 7 1

Edges
0 24 2
1 15 5
1 10 5
1 17 4
1 24 10
2 19 7
2 20 17
3 9 17
3 29 2
4 8 9
4 25 12
4 26 8
5 8 6
5 21 13
5 10 11
6 7 3
6 15 13
7 24 14
7 27 15
7 12 20
7 16 12
8 15 14
8 21 2
8 9 20
9 28 9
9 19 17
9 27 15
9 29 9
10 12 18
10 29 17
11 25 18
13 14 8
13 23 5
14 20 13
14 18 12
15 25 14
15 21 16
15 18 10
15 29 8
15 22 6
16 23 14
16 22 11
16 28 10
16 18 19
17 24 11
17 29 15
17 19 19
18 29 7
19 20 20
19 22 19
19 21 17

TollEdges
8 15
6 7
