30

Pairs
13 14 1
19 10 1
27 21 1
26 18 1
0 7 1
6 23 1
15 27 1
15 10 1
18 9 1
6 28 1

Edges
0 24 6
0 18 20
0 25 13
0 2 7
0 26 10
0 17 17
0 27 8
1 8 18
1 20 19
1 7 5
1 13 4
2 5 9
2 11 7
2 7 3
2 20 8
3 23 5
4 27 3
4 22 17
5 28 10
5 15 7
5 7 7
6 26 20
7 11 10
7 24 14
8 23 10
8 15 19
9 19 9
10 18 9
10 17 7
11 23 19
11 29 13
11 15 17
11 21 3
12 24 15
12 17 20
12 16 13
12 29 9
13 14 16
16 26 3
17 26 11
18 20 18
18 24 10
19 29 6
19 27 11
22 27 11
22 24 3
22 26 8
23 24 17
24 27 11
26 27 19
26 28 18

TollEdges
0 2
6 26
22 26
22 24
5 15
18 24
10 18
24 27
19 27
8 23
