35

Pairs
17 23 1
12 20 1
13 29 1
13 8 1
13 34 1

Edges
0 34 3
0 25 20
0 21 4
0 16 14
1 22 19
1 33 20
1 30 20
1 20 4
2 23 7
3 22 12
3 15 14
3 14 12
3 29 11
3 19 16
3 10 16
4 16 14
4 14 9
4 17 12
5 10 9
5 33 16
5 32 10
5 8 16
5 6 14
6 8 8
6 25 3
6 17 2
7 27 6
7 8 7
8 9 15
8 24 15
8 23 9
8 20 16
9 12 4
9 11 3
9 33 10
10 15 11
10 30 7
10 31 20
10 32 18
11 13 7
11 25 2
11 34 12
11 31 18
12 22 18
12 27 7
13 28 17
13 29 19
14 26 2
14 24 18
15 23 13
15 32 20
15 22 19
15 20 13
16 26 13
16 18 7
16 32 10
17 28 5
18 24 8
20 26 7
21 27 13
22 26 3
22 28 20
23 25 6
23 26 17
24 26 11
24 31 12
27 31 5
30 32 13
30 31 7
32 34 9

TollEdges
11 13
6 25
16 18
