55

Pairs
13 27 1
41 49 1
32 10 1
35 44 1
12 17 1
38 50 1
51 46 1
10 25 1
44 49 1
9 6 1
15 29 1
38 42 1
50 23 1
18 35 1
51 27 1
20 9 1
24 54 1
47 41 1
38 12 1
45 40 1
17 32 1
32 11 1
29 25 1
16 33 1
2 29 1
19 0 1
49 53 1
26 29 1
15 29 1
35 8 1
6 29 1
3 23 1
5 6 1
30 18 1
39 2 1
6 20 1
31 14 1

Edges
0 53 6
0 25 18
0 29 10
0 13 12
0 5 14
0 44 5
1 16 5
1 34 12
1 6 14
1 41 19
1 44 13
2 36 11
2 23 16
2 12 5
2 40 4
2 29 12
2 9 18
3 50 16
3 48 7
3 8 4
3 12 3
3 36 9
3 30 2
3 41 19
3 35 5
4 31 8
4 38 3
4 19 2
5 6 17
5 8 3
5 46 11
5 42 19
5 37 3
6 30 13
6 45 10
6 32 4
6 14 4
7 45 8
7 42 20
7 27 8
7 15 12
7 53 14
7 52 12
8 34 15
8 23 12
8 20 11
8 53 16
8 28 4
8 43 7
8 16 20
8 22 8
9 32 8
9 39 13
10 15 2
10 28 12
10 30 16
10 20 5
10 35 2
10 34 11
10 52 11
11 19 20
11 26 14
11 17 2
11 27 18
12 37 6
12 50 10
12 18 19
12 26 16
12 46 5
13 23 15
13 19 7
14 47 6
14 15 8
14 50 9
14 42 20
15 50 15
15 47 4
15 29 20
15 20 16
15 53 18
15 54 6
15 21 16
15 39 6
16 50 4
16 41 10
16 43 7
16 39 12
17 28 12
17 47 9
17 49 17
17 18 8
17 43 6
18 49 11
18 47 17
18 27 19
18 45 10
18 25 11
19 36 15
20 44 14
20 21 5
20 33 2
20 34 6
20 29 7
20 24 10
20 30 2
20 25 12
21 22 14
21 54 11
21 41 17
21 33 2
21 52 20
22 51 11
22 52 16
23 53 7
23 24 6
23 54 16
23 34 5
23 28 2
24 46 4
24 45 6
24 31 12
25 54 9
25 51 6
25 36 18
25 29 12
26 52 6
26 37 10
26 43 9
27 51 9
27 46 8
27 28 3
27 33 7
27 36 7
28 41 2
28 53 2
28 33 7
29 45 17
29 41 16
30 36 17
30 49 2
30 45 5
31 41 5
31 48 12
31 40 9
31 36 15
32 34 12
32 42 2
32 52 4
33 47 19
33 53 15
33 37 10
34 53 13
34 44 5
35 45 10
36 38 2
36 53 2
37 39 2
37 48 2
37 40 19
38 40 10
39 41 11
39 48 14
40 44 2
41 46 20
42 43 13
43 44 13
45 50 18
45 47 2
46 51 2
47 50 4
48 52 2
49 52 8
49 50 15
50 54 7
51 54 2

TollEdges
5 0
16 1
33 20
44 0
8 23
5 46
15 7
39 15
4 31
16 8
45 50
41 29
42 5
12 26
2 23
24 20
53 23
