50

Pairs
20 41 1
1 20 1
24 11 1
16 31 1
30 6 1
32 20 1
22 12 1
6 15 1
49 9 1
1 9 1
41 34 1
14 28 1
11 39 1
41 15 1
18 36 1
37 44 1
0 29 1
4 3 1
28 49 1
33 7 1
44 13 1
3 30 1
6 33 1
26 32 1
9 14 1

Edges
0 25 19
0 40 11
0 23 9
0 31 15
0 29 20
0 5 19
0 9 16
0 30 10
1 41 15
1 22 15
1 43 19
1 23 3
2 9 2
2 38 8
3 21 18
3 46 5
3 33 19
4 45 10
4 8 8
4 39 5
4 43 8
4 10 9
4 13 15
4 24 17
5 43 8
5 29 12
5 8 16
6 36 17
6 12 10
6 35 7
6 33 6
6 30 13
6 29 7
6 25 7
6 27 16
6 10 12
7 16 16
7 35 8
7 46 18
7 45 7
7 9 8
7 19 7
8 45 20
8 15 18
9 21 14
9 44 4
9 35 5
9 33 11
10 31 16
10 46 13
10 24 17
10 29 19
10 48 12
11 37 14
11 23 2
11 32 20
11 26 18
11 14 18
11 38 18
11 18 5
11 39 8
12 22 16
13 21 4
13 37 7
13 24 15
13 41 15
13 28 8
14 28 8
14 31 11
15 19 18
15 31 11
15 40 10
15 47 18
16 30 8
16 33 2
16 25 20
16 43 6
16 45 13
16 39 7
17 33 14
17 41 8
17 49 18
18 37 18
18 26 5
18 28 16
18 36 6
18 21 17
18 41 15
18 34 8
19 32 12
19 41 3
19 44 3
19 34 8
20 33 20
20 44 18
21 44 9
21 32 11
21 33 13
21 22 15
22 40 6
23 34 5
23 44 9
23 43 6
24 41 14
24 36 14
24 39 19
24 48 18
25 39 20
25 34 7
25 32 17
25 33 10
25 37 5
26 48 9
26 46 20
27 37 7
27 33 13
27 41 16
27 28 13
28 45 2
28 48 6
29 47 11
30 34 16
30 42 19
30 41 16
30 38 19
30 43 10
32 47 8
32 43 6
33 36 2
33 34 9
34 37 11
34 35 9
34 36 4
34 46 10
35 39 13
35 40 16
35 42 14
36 47 20
36 41 18
39 48 2
39 40 3
42 46 14
44 48 12
45 46 2

TollEdges
17 33
30 38
2 38
43 1
16 43
6 12
39 24
27 6
48 26
0 23
20 33
1 22
9 2
35 34
41 24
38 11
40 22
8 4
11 37
25 33
8 15
