50

Pairs
24 0 1
33 48 1
47 23 1
24 46 1
31 38 1
39 4 1
13 6 1
44 17 1
19 33 1
2 44 1
15 37 1
5 42 1
3 41 1
37 13 1
13 32 1
28 45 1
24 32 1
45 30 1
17 34 1
46 17 1
26 28 1
8 40 1
16 0 1
24 39 1
18 23 1
4 32 1
11 21 1
19 14 1
6 7 1
9 49 1
8 35 1
22 21 1
24 20 1

Edges
0 49 13
0 37 16
0 31 11
0 18 3
1 8 18
1 27 11
2 15 18
2 33 3
2 27 18
2 20 2
2 18 12
3 5 11
3 22 11
3 26 17
3 34 4
4 23 16
4 16 13
4 12 7
5 34 7
5 16 15
5 35 4
5 10 2
5 15 12
5 33 7
5 11 8
5 48 4
5 26 2
5 12 19
5 32 5
5 46 12
6 15 3
6 43 17
6 13 4
6 28 12
7 33 14
7 21 3
7 18 8
7 25 13
7 48 13
7 41 8
8 40 17
8 41 6
8 22 9
8 34 20
8 47 11
8 23 13
8 15 9
9 26 7
9 37 12
9 35 5
10 40 3
10 31 2
10 12 2
11 25 18
11 16 2
11 41 7
12 37 13
12 34 16
12 40 13
13 49 8
13 46 11
13 16 16
14 32 17
14 24 10
14 31 11
14 44 5
14 22 6
15 21 14
15 39 6
15 49 9
15 24 13
15 25 5
16 48 6
16 43 11
16 20 20
17 29 14
17 38 8
17 45 7
17 23 9
18 27 18
19 43 17
19 47 6
19 26 13
19 35 20
19 32 20
20 43 19
20 25 11
20 48 2
20 39 17
21 40 6
21 42 3
21 41 15
21 49 7
21 48 5
21 43 11
22 27 19
22 31 19
23 46 14
23 35 20
24 30 11
24 43 14
24 42 15
24 34 12
24 46 18
24 45 17
24 32 20
25 36 6
25 27 16
25 46 5
25 34 11
25 49 6
26 49 20
26 45 8
26 43 11
26 33 7
27 31 13
27 44 11
27 34 14
27 42 4
27 32 11
28 44 13
28 31 9
28 41 12
28 36 6
29 39 5
30 43 18
30 36 8
31 35 17
32 44 19
32 37 3
32 43 11
33 43 2
33 45 7
33 38 6
34 35 2
34 47 8
35 37 11
35 49 11
37 46 14
38 39 12
38 41 18
39 48 20
41 43 16
43 47 10

TollEdges
15 49
12 34
8 15
25 7
34 8
32 14
39 29
27 25
46 5
38 41
37 0
40 12
6 43
32 19
