35

Pairs
12 30 1
27 11 1
7 14 1
4 31 1
20 27 1
11 26 1
27 22 1
7 24 1
23 3 1
33 14 1
10 19 1
33 24 1
27 13 1
4 11 1
34 3 1
4 23 1
13 1 1
18 24 1
25 21 1
21 30 1
7 10 1
7 24 1
26 2 1

Edges
0 17 3
0 9 2
0 10 8
0 8 13
0 31 4
0 18 4
1 10 4
1 6 16
1 24 20
1 33 14
1 34 17
2 24 13
2 33 2
2 11 12
2 14 13
3 25 11
3 4 13
3 28 7
3 18 10
3 21 8
3 10 7
3 27 6
3 8 2
4 30 15
5 16 13
5 6 12
5 17 3
5 34 2
5 28 2
6 23 9
6 26 17
6 10 11
7 24 20
7 26 9
8 11 17
8 17 6
8 30 6
8 18 13
9 10 12
9 17 6
9 12 16
10 28 9
10 14 6
11 34 5
12 30 5
13 32 20
13 28 8
14 19 15
14 23 10
14 34 15
15 27 20
15 34 15
15 18 20
17 30 2
17 20 3
18 34 2
18 22 4
19 30 20
19 26 15
21 34 16
22 28 19
22 30 3
24 31 8
24 34 11
25 28 5
26 32 4
28 33 19
28 32 4
29 34 10
30 31 16

TollEdges
4 30
5 34
16 21
