55

Pairs
35 8 1
31 29 1
48 5 1
14 31 1
54 42 1
32 0 1
6 36 1
22 0 1
42 18 1
33 7 1

Edges
0 23 10
0 25 7
0 20 13
0 8 3
0 33 19
0 34 12
0 39 14
1 43 7
1 22 9
1 37 17
1 47 19
1 53 12
1 46 6
1 7 9
1 23 4
1 50 18
1 14 16
1 8 13
2 43 15
2 34 8
3 35 7
3 5 11
3 26 12
3 21 15
3 50 2
3 12 20
4 12 9
4 31 2
4 40 5
4 25 11
4 27 19
4 19 2
5 31 10
5 17 18
5 8 16
5 15 14
6 18 2
6 30 2
6 45 7
6 15 18
6 19 16
6 16 17
6 23 9
7 26 6
7 41 13
7 11 2
7 28 6
7 52 18
7 29 19
7 10 5
7 43 4
7 34 5
8 50 16
8 14 2
8 26 6
8 29 7
8 13 16
8 18 12
8 45 9
9 49 5
9 54 7
9 32 8
9 12 2
9 47 2
9 28 14
9 48 19
9 41 12
10 44 18
10 48 19
10 27 20
10 36 15
10 45 19
10 38 3
11 27 11
11 34 19
11 23 14
11 51 12
11 20 18
11 22 14
11 29 20
11 54 17
12 48 9
12 23 14
12 32 12
12 38 15
12 29 17
13 49 14
13 14 2
13 26 5
13 25 13
13 36 4
13 38 2
13 20 4
13 24 17
14 21 12
14 22 15
15 42 18
15 46 19
16 49 18
16 44 10
16 52 16
16 20 5
16 23 16
17 50 10
17 31 18
17 19 17
17 44 11
17 30 12
17 47 14
17 49 9
18 41 11
18 43 2
18 35 20
19 31 7
19 40 9
19 48 18
19 41 15
20 21 9
21 38 9
21 34 15
21 43 19
22 51 9
22 53 9
22 50 3
23 27 13
23 46 7
24 50 17
24 43 10
24 37 4
24 48 13
25 45 13
25 29 7
26 47 16
27 41 3
27 30 13
27 39 5
27 54 20
27 37 14
27 42 11
27 31 13
28 31 6
28 40 7
28 41 15
28 54 19
28 53 7
28 30 20
29 36 18
29 49 10
30 42 8
30 45 5
30 51 16
31 35 13
31 37 15
31 32 11
32 53 2
32 43 18
32 47 19
32 52 19
33 51 9
33 47 3
33 35 8
35 42 2
37 40 20
37 49 16
38 47 12
39 54 7
39 41 9
40 51 9
40 53 18
41 52 3
43 49 18
44 46 14
47 50 16
49 51 11
50 53 11

TollEdges
31 17
44 16
26 13
28 40
9 49
23 12
51 30
25 13
