50

Pairs
40 48 1
12 6 1
25 2 1
9 16 1
17 18 1
2 42 1
48 11 1
32 7 1
18 43 1
38 5 1
14 49 1
6 24 1
49 47 1
12 23 1
11 25 1
33 28 1
22 37 1

Edges
0 29 12
0 26 12
0 22 14
0 35 7
0 44 6
0 6 5
0 18 20
0 14 8
0 3 19
1 40 3
1 20 5
1 15 20
1 11 10
1 23 8
1 14 3
1 43 19
1 32 14
1 38 10
2 46 13
2 47 19
2 12 15
2 4 15
2 8 8
2 19 10
2 18 15
2 45 10
2 14 8
3 6 20
3 26 15
3 27 19
3 37 2
3 35 15
3 38 6
4 10 11
5 27 7
5 40 19
5 16 4
5 33 2
5 29 2
5 23 10
5 48 4
5 38 16
6 11 7
6 32 14
6 26 20
6 43 6
6 7 2
7 31 14
7 32 9
7 33 8
7 29 10
7 15 8
8 12 15
8 35 12
8 43 12
8 40 16
8 39 3
9 22 15
9 34 17
9 19 11
9 47 7
9 33 15
9 40 20
9 23 12
10 37 20
10 30 6
10 18 16
10 11 16
10 24 16
10 38 9
11 16 8
11 44 13
11 33 6
12 27 11
12 47 11
12 13 20
12 16 16
12 46 3
13 31 5
13 46 19
13 16 11
13 33 4
13 36 7
13 27 9
13 40 9
13 49 6
14 23 12
14 30 11
14 29 2
14 43 7
15 26 16
15 34 19
15 28 4
15 31 8
15 21 2
16 32 5
16 25 20
16 46 8
17 29 20
17 36 8
18 46 10
19 38 2
19 31 4
19 39 18
20 42 9
20 40 7
20 41 17
22 33 19
22 26 2
23 43 6
24 49 12
24 31 4
25 30 11
25 33 8
26 31 12
26 29 6
26 46 15
27 44 19
27 41 10
27 38 19
27 34 8
27 49 20
28 32 11
29 46 17
29 44 16
30 40 16
30 33 17
33 36 11
33 45 15
33 43 18
33 49 2
34 35 6
34 46 6
34 40 13
35 47 19
35 48 18
37 38 9
38 41 19
38 43 11
39 44 9
41 43 5
41 45 11
44 46 15
46 47 9

TollEdges
12 47
15 26
13 27
27 44
13 40
36 13
29 26
8 43
3 0
1 43
13 31
16 25
46 34
29 17
