40

Pairs
28 2 1
12 32 1
22 32 1
8 9 1
4 5 1
8 34 1
0 29 1
8 23 1
13 19 1
13 25 1
12 37 1
2 39 1
35 11 1
8 3 1
15 14 1
26 16 1
35 16 1
15 36 1
14 3 1
38 7 1
11 9 1
26 31 1
34 19 1
30 7 1
33 39 1
1 4 1
22 17 1

Edges
0 1 11
0 38 13
0 34 16
0 4 16
1 32 15
1 30 7
1 36 20
2 6 7
2 33 11
2 18 19
2 8 20
2 27 17
2 16 2
2 34 18
2 32 16
3 22 7
3 26 15
3 30 6
3 14 18
3 27 11
3 20 18
3 13 12
4 11 18
4 39 8
5 21 17
5 23 13
5 25 14
5 36 20
6 11 7
6 32 14
6 18 10
6 22 14
6 27 20
6 35 2
7 21 18
7 27 20
7 14 12
8 26 5
8 34 18
8 37 15
8 29 9
9 13 12
9 23 12
9 20 8
10 38 9
10 26 8
10 12 2
11 26 4
11 22 16
11 13 8
12 17 19
12 19 2
12 38 18
13 36 10
13 33 17
13 34 5
14 39 11
14 20 5
15 24 13
15 35 7
15 32 2
15 22 8
18 31 4
20 31 2
20 37 13
20 35 9
20 23 5
21 32 10
21 30 7
21 25 17
21 35 9
21 22 5
22 33 6
22 28 12
22 32 11
23 32 2
23 39 20
23 27 5
23 28 13
23 29 4
24 34 13
25 32 11
25 34 8
29 32 16
29 33 2
29 34 17
29 39 17
30 39 2
30 34 9
31 34 13
36 38 18
37 39 16

TollEdges
20 3
7 14
27 3
12 38
6 22
11 4
29 34
32 29
13 33
1 36
10 38
3 13
24 34
7 27
34 0
23 39
39 37
0 4
