55

Pairs
9 13 1
9 13 1
40 49 1
11 53 1
48 43 1
21 1 1
31 38 1
43 45 1
23 15 1
2 33 1
52 6 1
8 6 1
7 51 1
6 22 1
39 53 1
2 43 1
46 44 1
39 28 1
53 48 1
35 5 1
31 49 1
1 15 1
6 33 1
45 50 1
27 32 1
33 1 1
31 25 1
49 39 1

Edges
0 46 13
0 40 20
0 27 19
1 30 16
1 37 8
1 4 6
1 43 17
1 16 14
1 33 11
1 23 3
1 31 4
1 22 13
2 36 19
2 15 17
2 34 10
2 46 18
2 32 19
2 13 2
2 49 8
3 24 5
3 29 16
4 22 6
4 26 10
4 12 20
4 40 6
4 37 15
4 36 5
5 46 10
5 36 17
5 25 18
6 45 18
6 43 4
6 26 10
6 35 3
7 42 7
7 29 17
7 26 2
7 38 8
7 51 18
8 42 13
8 39 13
8 45 6
9 15 9
9 10 4
10 36 4
10 23 8
10 53 14
11 54 14
11 45 4
11 49 19
11 30 7
11 40 19
11 35 8
11 34 6
11 48 2
12 17 5
12 28 2
12 18 6
12 15 12
12 23 19
12 41 14
12 27 13
13 18 7
13 27 6
13 43 12
13 40 6
13 22 9
13 28 17
13 54 8
14 43 11
14 42 15
14 52 2
14 30 14
14 24 5
14 15 17
14 18 3
15 39 2
15 38 11
15 18 11
15 16 20
15 51 16
16 22 15
16 20 18
16 39 13
16 26 20
17 32 4
17 46 15
17 45 3
17 36 5
17 42 19
17 21 10
18 37 10
18 47 6
18 24 18
18 25 2
18 46 16
18 48 14
19 20 14
19 33 15
19 44 14
19 34 7
20 39 9
20 37 7
20 30 15
20 32 9
20 26 16
20 51 13
20 52 12
20 27 17
21 43 19
21 47 8
21 52 7
22 27 18
22 35 8
23 24 18
23 25 4
23 43 14
23 36 18
23 35 17
23 48 13
24 53 14
24 40 11
24 35 19
25 40 16
25 53 17
26 28 20
27 29 16
27 42 6
27 43 11
27 44 6
28 38 11
28 47 13
28 45 15
29 38 18
29 31 10
29 32 20
30 42 13
30 38 3
30 46 8
30 34 15
31 36 20
31 44 9
31 42 16
32 49 16
32 48 6
32 38 6
32 33 10
33 34 5
33 38 7
33 39 12
34 48 11
34 50 11
34 35 14
35 50 15
36 41 7
36 52 19
36 45 19
37 42 5
39 43 7
40 43 14
40 45 9
41 46 10
41 43 11
42 54 10
43 52 12
43 44 19
43 53 5
44 49 20
44 53 19
44 50 8
44 54 15
45 53 2
45 48 3
49 52 18
51 54 17

TollEdges
45 28
43 21
51 54
40 11
52 49
36 31
32 2
36 17
26 4
13 54
39 8
13 28
53 44
20 27
12 23
19 20
18 47
43 41
37 20
27 0
15 38
19 33
7 42
6 45
25 53
36 5
29 3
50 44
50 35
52 20
43 44
30 1
32 20
18 46
26 28
