40

Pairs
24 10 1
38 8 1
35 28 1
13 19 1
25 29 1
18 33 1
22 4 1
27 24 1
34 3 1
38 28 1
28 7 1
35 30 1
18 35 1
22 2 1
36 21 1
14 9 1
27 7 1
18 34 1
16 6 1
1 33 1

Edges
0 16 13
0 38 12
0 13 14
1 39 6
1 21 12
1 11 3
1 33 2
1 27 5
1 17 4
1 31 8
2 14 18
2 25 9
2 19 16
2 17 16
3 29 18
3 31 11
3 14 14
3 7 12
4 24 17
4 35 16
4 39 18
5 16 17
5 34 10
5 29 16
6 27 20
6 8 7
6 12 10
7 29 12
7 33 10
7 34 10
7 18 8
7 13 13
7 30 6
7 26 2
8 30 17
8 38 17
8 36 7
8 23 8
8 10 17
9 32 16
9 18 4
9 15 13
9 20 12
9 31 12
11 29 2
12 27 9
12 37 4
12 36 5
12 19 10
13 37 5
13 24 11
13 32 15
13 14 20
13 26 18
13 36 16
14 17 10
16 34 19
16 35 10
16 38 7
16 39 19
16 25 10
16 33 3
17 39 5
17 36 20
17 30 17
18 38 9
18 21 7
18 35 11
19 20 12
20 35 18
20 30 15
21 34 5
21 36 9
21 29 7
21 33 19
22 35 5
23 35 10
23 26 16
23 37 20
24 34 3
25 39 20
26 28 17
27 31 9
28 33 12
28 30 16
29 35 14
31 38 20
31 34 12
31 32 18
33 35 12
34 39 9
35 36 12

TollEdges
39 25
18 38
34 16
31 3
9 20
23 26
14 3
19 2
24 4
20 19
16 39
5 34
33 21
26 13
32 13
31 27
29 3
4 39
