55

Pairs
24 50 1
50 1 1
21 37 1
26 18 1
21 20 1
4 8 1
19 33 1
31 20 1
54 24 1
18 17 1

Edges
0 52 19
0 51 10
0 13 17
0 22 17
0 14 11
0 44 7
0 2 2
0 17 17
0 6 11
0 15 17
1 37 16
1 6 18
1 34 5
1 2 20
1 19 13
1 14 11
2 20 5
2 38 16
2 34 17
2 15 11
3 35 6
3 18 7
3 37 4
3 45 20
3 31 16
3 11 3
3 22 15
3 38 10
4 20 6
4 17 19
4 26 8
4 7 11
4 30 15
4 45 11
4 22 3
5 16 18
5 38 19
5 24 20
5 39 13
5 8 7
5 29 12
5 47 10
6 49 5
6 52 5
7 46 11
7 37 4
7 35 9
7 33 7
7 10 3
7 9 10
7 12 11
7 20 9
7 26 5
8 38 8
8 14 4
8 50 14
8 35 14
8 27 12
9 45 20
9 50 19
9 25 2
9 38 6
9 44 15
9 10 4
9 53 12
10 50 20
10 23 5
10 45 15
10 42 15
11 33 2
11 39 5
11 23 12
11 22 11
11 50 14
11 14 19
11 28 9
12 37 6
12 28 10
12 29 10
12 27 12
12 19 3
13 25 2
13 42 17
13 15 10
13 40 7
13 43 15
13 53 16
14 46 13
14 53 13
14 34 13
14 45 20
14 37 16
15 36 18
15 27 6
15 46 20
15 18 20
16 54 17
17 46 14
17 52 17
17 28 2
17 23 15
18 50 9
18 28 9
18 33 16
18 51 19
18 39 4
18 31 16
18 26 8
18 30 9
18 48 14
18 27 13
18 24 16
19 35 4
19 40 20
20 35 16
21 27 10
21 22 18
21 36 12
21 44 3
22 30 8
23 44 17
23 54 16
24 51 10
24 52 19
25 45 10
25 54 5
25 41 17
25 28 20
25 35 13
25 46 16
25 39 3
25 44 7
26 37 5
26 29 16
27 53 13
29 30 2
29 49 11
30 43 2
30 36 11
30 38 9
31 38 15
31 36 14
31 32 15
31 51 9
31 54 13
32 35 4
32 33 6
33 52 10
33 41 2
34 54 12
34 47 19
34 44 13
35 40 16
36 38 14
37 39 6
38 39 11
39 45 15
40 51 2
41 43 11
42 43 15
42 50 19
42 45 14
42 49 6
42 51 9
44 46 10
46 51 8
46 47 13
47 51 7
47 48 20
47 53 6
48 50 20
48 54 17
50 53 14
50 52 5
50 51 18

TollEdges
33 11
15 13
19 12
15 2
1 2
48 54
30 36
7 46
5 47
40 35
9 50
8 50
14 11
17 0
34 14
18 27
18 33
