60

Pairs
56 40 1
22 44 1
57 55 1
32 41 1
38 32 1
45 43 1
19 31 1
16 43 1
24 5 1
27 30 1
26 52 1
48 30 1
10 45 1
14 8 1
30 58 1
27 40 1
30 20 1
12 10 1
38 53 1
49 28 1

Edges
0 10 8
0 9 11
0 29 19
0 44 15
0 14 12
0 30 7
1 36 16
1 40 19
1 35 15
1 14 8
1 48 12
1 44 20
1 51 5
1 52 3
1 54 8
1 53 20
1 23 20
1 5 11
2 7 4
2 46 7
2 37 10
2 22 8
2 59 13
2 52 16
3 9 10
3 14 18
3 45 15
3 51 5
3 36 9
3 22 6
3 24 4
4 6 14
4 44 20
4 35 9
4 49 3
4 47 6
4 27 8
4 45 17
5 55 12
5 18 7
5 56 7
5 31 13
5 44 13
5 20 13
5 46 9
6 53 15
6 15 7
6 51 18
6 17 19
6 27 8
6 44 11
6 22 19
6 47 18
7 16 4
7 45 14
7 57 18
7 21 4
7 36 20
7 39 8
7 54 7
8 10 4
8 19 19
8 20 18
8 59 15
8 9 14
8 44 20
9 29 9
9 39 17
9 27 10
9 50 10
9 53 3
9 45 4
10 20 18
10 39 13
10 38 2
10 46 16
10 36 3
10 43 13
10 32 13
11 32 4
11 39 5
11 29 13
11 13 19
11 46 17
11 48 8
12 18 11
12 51 7
12 53 5
12 47 8
12 57 8
13 44 11
13 45 12
13 35 11
13 46 5
14 57 4
14 21 12
14 36 10
14 52 16
14 30 12
15 28 6
15 59 14
15 23 14
15 39 9
15 52 9
15 55 16
15 44 9
15 16 8
16 59 11
16 42 3
16 56 10
16 33 15
16 26 8
16 24 16
16 47 15
17 51 3
17 34 19
17 55 5
17 50 13
17 40 13
17 49 16
18 29 6
18 57 5
18 35 3
18 39 17
18 53 15
19 44 8
19 35 4
19 56 19
19 28 6
19 49 11
20 22 11
20 42 20
20 58 16
20 24 17
21 22 10
21 34 9
21 29 16
21 38 7
21 53 15
21 36 13
22 46 7
22 49 19
22 50 20
22 55 16
23 33 5
23 35 13
24 41 11
24 54 4
24 53 3
25 37 6
25 28 5
25 53 7
25 47 18
25 36 6
26 44 18
26 48 4
26 50 13
27 46 13
27 54 15
27 55 13
28 56 9
28 32 19
28 51 19
28 53 15
28 40 6
28 34 3
28 50 12
29 51 2
29 41 16
29 47 13
29 42 8
30 36 3
30 58 10
30 50 13
31 46 19
31 41 16
31 48 12
32 33 3
33 50 2
33 34 6
34 39 14
34 42 14
34 38 13
34 46 2
34 48 10
36 54 20
37 42 15
37 39 16
37 43 16
38 44 8
38 42 16
40 46 9
41 43 9
41 58 11
42 57 10
42 59 17
42 52 15
43 44 4
43 46 11
43 45 7
45 54 16
45 50 6
45 58 12
47 59 7
47 55 10
47 49 8
50 57 15
56 59 19

TollEdges
36 7
5 44
21 36
51 1
21 29
15 59
39 7
4 6
12 47
37 42
33 16
4 35
47 59
37 39
11 46
56 5
29 9
17 6
5 20
46 10
49 22
9 53
50 22
47 16
55 27
14 57
22 3
56 16
42 16
43 37
6 51
