60

Pairs
56 24 1
43 39 1
49 58 1
0 10 1
9 56 1
34 33 1
44 23 1
34 45 1
57 1 1
37 44 1
18 47 1
6 41 1
18 37 1
28 47 1
42 45 1
24 54 1
45 0 1
8 14 1
6 29 1
30 24 1
28 52 1
27 8 1
46 53 1
15 44 1
6 3 1
56 55 1
31 39 1
6 55 1
13 41 1
9 37 1
36 10 1
51 5 1
39 18 1
13 42 1
47 40 1
1 15 1
57 38 1
5 46 1
17 34 1
8 58 1

Edges
0 10 11
0 7 20
0 9 6
1 35 5
1 23 19
1 40 9
1 26 18
1 21 10
1 13 10
1 19 9
2 44 18
2 14 2
2 8 7
2 28 9
2 4 20
2 25 9
2 9 9
2 46 18
3 15 15
3 28 6
3 4 19
3 27 18
3 47 9
4 42 2
4 8 12
4 25 5
4 53 6
4 38 5
4 36 14
4 30 15
4 18 11
5 33 12
5 58 12
5 35 13
5 50 14
5 21 14
5 31 7
5 20 18
6 18 2
6 15 7
6 57 3
6 14 12
6 32 6
6 9 9
6 45 5
6 38 19
6 16 16
7 41 17
7 51 17
7 19 11
7 55 19
7 33 14
7 56 19
7 22 20
8 16 12
8 20 20
8 25 11
8 23 7
8 54 19
8 12 18
8 35 10
8 22 11
9 32 13
9 22 7
9 15 20
9 58 4
9 57 4
9 52 20
9 33 19
9 23 2
10 28 19
10 37 14
10 52 19
10 53 4
10 15 4
11 22 19
11 37 19
11 21 14
11 56 2
11 18 6
11 52 5
12 44 6
12 53 8
13 53 15
13 29 6
13 17 6
13 58 9
13 59 3
13 18 16
14 53 16
14 47 11
14 27 6
14 55 13
14 39 18
14 24 16
15 48 4
15 16 9
15 47 12
15 53 13
16 46 17
16 49 7
16 35 5
16 18 8
16 30 14
16 25 14
16 57 10
17 51 16
17 22 8
17 24 5
17 33 20
17 23 10
17 55 18
17 19 3
17 27 18
17 41 12
17 40 13
17 36 4
18 49 19
18 19 11
18 54 19
18 35 17
19 23 13
19 36 11
19 30 14
20 53 3
20 29 20
20 42 10
20 52 16
20 21 16
21 46 10
21 56 5
21 41 7
21 48 2
22 39 5
22 44 7
22 33 16
23 29 6
23 49 18
23 41 6
23 37 17
23 44 17
23 32 18
23 53 16
24 35 18
24 58 16
24 34 8
24 46 11
25 26 17
25 39 11
26 50 20
26 55 2
26 46 2
26 34 14
26 48 18
27 34 7
27 49 12
27 31 12
28 48 6
28 39 7
28 51 10
29 36 13
29 51 13
29 58 13
29 31 2
29 45 2
29 46 8
30 53 19
30 46 5
31 50 8
31 53 7
31 55 8
31 38 5
31 49 17
31 42 20
32 46 19
32 37 8
32 43 13
33 42 3
33 57 3
33 40 11
34 47 14
34 53 15
34 37 14
34 43 11
35 36 16
35 56 3
35 55 17
35 59 8
36 59 7
36 55 19
37 46 11
38 44 4
39 44 17
39 43 9
39 52 2
40 49 11
40 52 16
41 58 2
41 57 2
42 49 13
45 46 12
46 54 20
47 53 6
50 53 17
51 53 8
51 52 16
52 55 6
55 57 13

TollEdges
4 8
51 52
26 50
27 49
17 13
19 17
52 9
32 43
6 14
23 19
26 25
8 16
45 46
39 44
56 7
28 48
1 19
40 17
51 7
16 30
