60

Pairs
1 37 1
19 40 1
18 46 1
52 18 1
39 50 1
50 37 1
26 25 1
50 5 1
43 1 1
51 21 1
11 1 1
0 1 1
25 45 1
53 2 1
45 41 1
51 36 1
35 6 1
56 41 1
49 12 1
53 28 1
45 29 1
29 11 1
25 56 1
14 35 1
46 39 1
17 55 1
41 4 1
47 34 1
6 27 1
14 51 1

Edges
0 42 16
0 46 16
0 57 16
0 15 5
1 31 7
1 20 13
1 46 12
1 18 6
1 54 9
1 10 13
1 32 14
1 11 2
1 26 18
2 19 6
2 43 4
2 15 6
2 59 10
3 39 2
3 25 16
3 19 16
3 27 17
3 32 16
3 18 19
4 46 12
4 14 10
4 26 15
4 55 15
5 11 20
5 51 3
5 29 8
5 55 15
5 59 11
6 24 4
6 52 2
6 16 11
6 26 18
6 20 6
7 33 15
7 18 20
7 27 16
7 35 18
7 52 19
8 30 10
8 16 3
8 20 14
8 51 3
8 31 12
8 48 3
8 11 17
9 16 20
9 20 7
9 30 18
9 19 8
9 52 18
9 18 9
9 41 4
9 47 11
10 27 19
10 11 3
10 20 12
11 15 12
11 55 15
11 27 2
11 47 14
11 37 8
11 58 7
11 13 9
11 35 12
11 32 12
12 21 14
12 55 7
12 29 20
12 27 9
12 54 5
13 39 4
13 51 12
13 18 3
13 46 13
13 35 7
13 36 3
13 33 9
13 59 15
14 59 11
14 19 3
14 41 17
14 36 16
14 24 5
14 57 18
15 28 12
15 16 8
15 54 2
15 43 11
15 40 4
16 26 20
16 32 6
16 45 20
16 31 2
17 23 10
17 58 20
17 41 16
17 29 10
17 25 14
17 46 11
17 21 11
17 55 17
18 52 11
18 39 10
18 35 11
19 51 9
19 38 15
19 21 10
20 43 20
20 44 11
20 58 12
20 51 9
20 47 16
20 45 11
20 49 10
20 29 11
21 31 9
21 41 11
21 40 10
21 45 17
21 36 15
21 42 8
22 50 11
22 45 4
22 27 13
22 43 14
23 29 7
23 42 13
23 56 8
23 50 15
23 37 11
23 40 18
23 27 17
23 41 15
24 32 6
24 48 3
24 30 8
24 37 14
25 49 14
25 50 13
26 51 10
26 52 15
26 38 15
26 53 4
26 30 9
27 36 18
27 58 5
27 43 13
27 34 2
27 30 6
28 41 7
28 47 6
28 58 19
29 37 10
29 41 20
30 33 12
30 57 8
31 43 13
31 42 15
31 36 5
31 33 11
31 46 7
31 59 14
31 50 4
32 34 3
32 51 4
32 40 14
33 39 7
33 50 11
33 43 7
33 55 5
34 45 17
34 40 19
34 52 5
34 54 3
35 50 9
35 54 2
37 38 9
37 47 11
37 49 16
37 48 2
38 54 2
38 39 8
38 42 16
39 49 14
39 47 14
39 55 19
39 45 5
40 58 7
40 49 13
40 51 18
40 55 12
41 55 3
41 58 9
42 47 5
42 56 19
44 47 10
44 54 14
44 55 17
46 51 3
46 56 9
48 56 15
51 58 16
52 57 19
55 57 19

TollEdges
22 27
20 51
57 30
35 50
42 47
30 8
9 19
32 16
16 45
4 14
