40

Pairs
36 14 1
32 0 1
34 35 1
1 27 1
26 2 1
11 34 1
34 11 1
36 32 1
8 13 1
12 11 1
29 0 1
27 15 1
5 26 1
35 12 1
25 16 1
32 5 1
15 22 1
7 15 1
13 33 1
24 5 1

Edges
0 20 17
0 11 11
0 37 10
0 29 19
0 18 16
0 28 17
1 27 6
1 6 20
1 31 16
1 12 14
2 4 7
2 14 18
2 5 12
2 30 4
2 38 13
2 33 20
3 20 6
3 4 15
3 39 18
3 18 6
3 36 9
3 34 2
4 37 11
4 7 17
4 28 2
4 30 19
4 23 16
5 16 20
5 6 7
6 39 15
6 10 9
6 24 15
7 39 4
8 18 16
8 39 15
9 14 18
9 33 16
9 35 5
9 24 19
10 13 15
10 32 14
10 22 8
10 30 13
10 26 8
10 19 14
10 34 10
11 22 14
11 33 13
12 13 16
12 18 16
12 22 2
12 35 5
14 27 6
14 34 11
15 17 18
15 35 3
15 33 3
15 19 2
16 21 15
16 32 19
17 36 5
17 22 8
18 36 11
18 27 13
18 32 18
19 29 13
19 30 7
19 24 16
20 28 9
21 24 10
21 31 19
21 32 4
21 23 14
22 26 6
22 24 5
23 35 17
23 29 16
24 30 7
25 33 15
26 33 12
26 36 20
26 38 6
27 37 17
27 30 16
27 38 13
28 37 11
28 32 4
29 36 9
30 39 18
31 38 13
32 39 14
35 38 6

TollEdges
1 27
5 6
15 19
12 13
11 22
10 34
15 35
28 32
3 36
