30

Pairs
0 12 1
18 24 1
1 18 1
6 26 1
11 24 1
8 7 1
28 6 1
29 8 1
25 24 1
0 16 1

Edges
0 1 18
0 20 11
0 8 16
0 4 13
0 25 6
1 28 9
1 4 20
1 14 15
1 9 10
2 29 2
2 13 7
3 12 16
3 20 12
3 24 12
3 15 14
4 18 15
4 25 18
4 6 19
5 6 12
5 15 14
5 12 6
5 16 13
6 17 13
6 16 7
6 25 16
7 8 7
7 29 14
8 29 19
10 18 19
10 16 5
11 14 3
12 23 8
12 22 20
12 29 13
13 27 17
13 17 2
14 27 11
14 22 3
16 23 14
17 18 12
17 29 2
17 28 6
18 29 17
18 28 15
18 19 17
19 22 2
20 24 7
21 25 15
23 24 2
24 29 12
26 29 14

TollEdges
0 20
20 24
12 23
6 17
17 29
