35

Pairs
19 31 1
11 8 1
3 29 1
14 19 1
9 27 1
7 0 1
33 13 1
3 10 1
24 1 1
28 33 1
20 10 1
18 29 1
22 4 1
20 6 1
6 9 1
12 23 1
28 18 1
17 13 1
1 27 1
32 18 1
4 16 1
16 9 1
5 3 1

Edges
0 23 19
0 17 8
0 31 3
0 14 7
1 29 9
1 22 15
1 2 17
1 28 3
1 16 6
2 32 10
3 25 15
3 34 10
4 13 11
4 33 2
5 14 15
5 26 19
5 24 9
5 22 16
6 20 7
6 7 11
6 33 10
6 32 14
8 23 17
8 31 11
9 13 5
9 16 3
10 16 16
10 26 13
10 29 15
10 33 8
11 17 13
11 19 15
11 14 19
12 25 17
12 15 15
13 28 16
13 34 11
13 23 10
14 24 18
14 28 12
14 17 7
15 24 12
15 29 14
15 28 19
16 25 9
16 21 6
16 30 7
16 29 19
17 21 19
17 31 15
17 26 10
18 19 9
19 34 6
19 31 11
19 32 15
19 27 8
20 34 12
21 34 6
21 29 12
22 27 6
23 32 14
23 25 4
24 31 3
24 32 4
24 28 18
25 30 12
28 30 12
29 30 11
30 32 13
31 33 18

TollEdges
1 22
3 34
16 21
4 13
24 31
6 33
18 19
