60

Pairs
0 1 1
29 2 1
7 32 1
37 14 1
42 5 1
15 10 1
21 38 1
36 59 1
13 18 1
16 23 1
59 41 1
6 47 1
31 48 1
15 35 1
49 2 1
26 8 1
6 47 1
41 25 1
44 16 1
55 16 1
45 43 1
17 10 1
16 21 1
8 35 1
7 0 1
0 59 1
51 1 1
4 34 1
29 59 1
27 47 1

Edges
0 20 4
0 6 16
0 55 8
0 18 15
0 22 8
0 35 8
0 40 5
1 45 15
1 31 17
1 48 19
1 13 20
1 16 11
1 14 7
1 4 13
1 33 6
2 49 18
2 58 11
2 23 16
2 13 12
2 5 17
3 41 13
3 20 17
3 10 14
3 36 18
3 8 17
3 4 2
3 57 2
4 46 6
4 19 4
4 6 3
4 26 10
4 18 5
4 40 10
4 27 20
4 10 16
5 31 4
5 45 9
5 51 16
5 34 18
6 13 4
6 50 9
6 57 3
6 24 2
6 49 16
6 39 3
6 46 11
6 51 8
7 23 12
7 35 5
7 43 17
7 25 12
7 40 17
8 44 4
8 49 7
8 11 16
9 27 2
9 22 11
9 48 7
9 41 19
10 29 15
10 24 14
10 44 2
10 12 5
10 21 4
10 40 8
10 42 18
10 19 8
11 45 9
11 30 14
11 16 12
11 39 17
12 57 9
12 19 13
12 16 8
12 48 2
12 50 6
12 43 18
12 35 17
12 34 18
13 35 9
13 44 16
13 51 14
14 47 13
14 42 10
14 21 19
14 15 10
15 54 13
15 18 18
15 57 16
16 25 19
16 48 16
16 41 19
16 59 15
17 29 8
17 34 19
17 36 10
17 44 9
17 21 11
17 39 2
17 56 16
17 25 20
17 28 7
18 33 17
18 48 2
18 30 14
19 54 4
19 47 8
19 28 20
19 49 15
20 56 5
20 34 18
20 23 20
20 35 18
20 50 15
20 54 5
20 25 10
21 48 4
21 26 19
22 50 9
22 29 18
22 43 5
22 51 6
23 33 4
23 26 17
23 41 2
23 29 10
23 58 12
23 42 6
24 49 7
24 40 20
24 59 5
24 30 2
25 41 10
25 42 18
25 57 11
25 52 10
25 40 2
26 47 15
26 48 14
26 53 17
26 55 2
27 42 19
27 34 19
27 57 12
27 31 9
28 41 14
28 57 5
28 47 16
28 30 6
29 43 8
29 31 2
29 48 5
29 35 4
29 55 12
30 31 3
30 43 15
30 56 17
30 59 15
31 53 7
31 55 13
31 39 20
31 48 13
32 58 18
32 46 10
32 57 20
32 41 17
32 36 3
33 34 13
33 38 3
33 40 6
34 38 10
34 37 17
34 39 8
34 47 2
35 47 11
36 49 7
37 42 13
37 49 16
37 47 13
38 47 9
38 46 12
39 48 5
40 47 4
40 54 6
41 59 12
41 46 12
42 45 3
42 47 19
43 45 3
43 48 3
43 49 6
43 53 2
43 55 12
43 50 7
44 57 12
45 56 15
45 49 11
45 57 14
46 54 12
46 57 7
47 58 16
47 50 4
48 59 7
48 52 8
49 55 5
49 57 13
51 57 9
53 57 5

TollEdges
39 48
24 30
25 52
25 20
47 14
0 55
44 13
57 49
31 48
43 55
54 40
46 54
37 34
29 10
23 58
4 46
26 47
3 36
41 46
10 42
