55

Pairs
42 35 1
51 33 1
9 27 1
38 31 1
20 35 1
14 51 1
26 42 1
20 27 1
9 15 1
45 16 1
29 2 1
0 17 1
34 50 1
43 14 1
31 48 1
9 53 1
12 35 1
25 50 1
12 46 1
38 28 1
30 27 1
12 0 1
34 20 1
36 6 1
22 33 1
51 27 1
29 1 1
11 51 1

Edges
0 1 10
0 29 5
0 11 7
0 19 11
0 14 11
0 9 17
0 31 6
0 42 20
1 18 6
1 25 7
1 51 3
1 26 18
1 27 2
1 50 13
1 23 6
1 28 12
1 15 15
1 10 5
2 26 8
2 25 17
2 42 20
2 49 4
2 29 12
2 10 14
3 27 8
3 14 4
3 30 12
3 50 18
3 26 19
3 21 11
3 32 11
4 13 15
4 48 8
4 41 5
5 14 5
5 37 6
5 18 9
5 22 17
5 50 12
5 35 4
6 20 5
6 21 16
6 25 12
7 32 4
7 51 15
7 37 20
7 42 7
7 25 8
7 53 10
7 20 4
7 8 12
8 29 20
8 50 13
8 34 3
8 51 10
8 43 5
8 10 5
8 52 10
8 28 18
8 33 5
9 47 7
9 37 10
9 27 2
10 40 10
10 47 15
10 42 15
11 30 15
11 47 11
11 45 12
11 54 16
12 13 10
12 20 17
12 52 9
13 14 12
13 34 10
13 17 18
13 44 10
13 39 16
13 31 9
13 23 15
13 40 13
14 40 11
14 28 6
14 18 3
14 44 20
15 42 13
15 50 18
15 31 15
15 44 19
15 54 18
15 21 8
16 26 13
16 28 13
16 35 13
17 19 15
17 34 2
17 54 8
17 48 6
18 32 17
18 38 3
18 43 17
18 27 20
18 25 16
18 19 2
19 50 16
19 26 15
19 52 5
19 24 10
19 36 10
19 25 7
19 35 11
20 47 15
20 39 4
20 43 5
20 24 11
21 46 14
21 36 14
22 47 3
22 41 11
22 27 13
22 45 8
23 40 7
23 32 4
23 41 9
23 26 17
23 28 20
24 32 17
24 38 18
24 25 13
24 33 9
25 54 18
25 44 3
25 39 5
26 36 20
26 45 18
27 49 20
27 31 11
27 38 3
27 36 18
28 42 6
28 52 5
28 32 17
28 46 11
29 44 15
29 37 2
29 52 2
30 45 13
30 40 19
31 34 19
31 46 5
31 32 11
32 36 9
32 45 2
33 54 18
34 54 13
34 40 20
35 50 7
35 36 19
35 54 15
36 37 2
36 42 3
37 47 5
38 45 10
40 45 13
41 46 14
42 43 13
43 49 17
43 53 15
43 44 14
44 45 17
45 48 13
45 49 4
48 52 19
48 51 7
50 54 15

TollEdges
27 18
28 42
5 18
36 21
2 42
49 43
4 48
13 40
0 31
38 45
8 28
32 18
54 15
40 34
35 19
26 45
0 19
31 34
36 35
17 13
30 11
21 3
13 34
35 54
26 3
28 32
