40

Pairs
1 23 1
29 1 1
19 24 1
2 29 1
3 8 1

Edges
0 26 3
0 20 15
0 25 18
0 9 14
0 5 5
0 3 16
0 4 2
1 36 11
1 16 10
1 3 12
1 11 13
2 15 14
2 22 7
2 19 19
2 11 12
2 5 17
3 37 8
3 22 9
3 15 5
3 16 16
3 34 6
3 26 20
4 20 18
4 25 3
4 12 18
5 12 9
6 37 2
6 8 6
6 33 5
6 22 5
7 14 2
7 36 2
8 20 3
8 17 5
8 27 4
8 30 4
8 32 18
8 25 9
8 24 20
8 37 13
9 10 4
9 13 20
9 28 4
9 33 2
10 14 7
10 13 6
11 37 17
11 15 17
11 17 18
12 14 12
12 19 4
13 34 3
13 38 2
13 19 2
13 26 12
14 19 17
14 20 10
15 24 14
15 33 6
16 38 5
16 36 11
16 24 16
16 20 10
17 23 9
17 28 14
18 32 5
18 35 8
18 31 12
18 23 15
19 31 6
19 35 16
20 32 10
20 37 11
21 23 20
22 27 2
22 37 19
22 30 6
23 38 3
24 35 4
24 29 13
25 29 18
26 30 9
26 39 3
27 30 4
27 39 11
29 30 17
29 32 3
30 33 17
33 35 14
34 37 2
36 38 9
36 39 17

TollEdges
8 37
26 39
3 34
4 12
