35

Pairs
12 7 1
8 14 1
4 7 1
11 7 1
31 22 1
13 33 1
34 7 1
30 31 1
5 7 1
11 16 1
28 9 1
9 15 1
23 11 1
21 15 1
29 30 1
20 31 1
17 27 1
29 10 1
12 20 1
17 12 1
25 4 1
13 5 1
23 14 1

Edges
0 30 6
0 10 7
0 2 20
0 11 6
1 18 20
1 31 11
1 17 11
1 24 15
2 33 20
2 18 19
2 26 7
3 8 9
3 34 17
3 29 18
3 31 2
3 27 4
3 30 9
4 22 5
4 24 5
4 20 18
4 13 20
4 32 16
4 8 17
5 7 9
5 13 18
5 16 16
5 9 8
6 26 3
6 22 11
7 32 2
7 30 10
7 9 3
7 27 17
8 11 5
8 23 20
8 12 15
8 24 15
8 19 13
9 15 5
9 32 13
9 29 6
9 26 7
10 31 19
10 25 11
10 20 9
10 19 18
11 30 9
12 25 2
12 13 15
12 31 16
12 34 12
13 14 12
13 30 17
14 18 2
14 33 20
15 31 4
15 21 17
21 32 5
22 33 17
22 26 8
23 34 7
23 25 3
23 32 11
23 30 6
24 26 14
24 31 14
26 32 5
27 28 13
29 34 9
30 31 4

TollEdges
4 32
29 34
5 7
13 12
13 14
9 15
11 30
7 30
12 25
23 25
23 32
10 25
3 31
1 17
