50

Pairs
2 23 1
49 36 1
27 48 1
47 11 1
14 16 1
44 43 1
14 10 1
18 31 1
38 35 1
1 35 1
7 2 1
15 39 1
33 31 1
37 2 1
49 23 1
27 29 1
48 25 1

Edges
0 2 17
0 10 17
0 32 4
0 5 12
1 10 18
1 9 6
1 46 5
1 4 2
2 37 15
2 26 3
2 36 4
3 44 13
3 26 19
3 28 18
4 16 12
4 5 16
4 46 19
4 21 6
4 24 13
4 38 2
5 12 3
5 44 5
5 24 10
5 27 11
5 20 3
6 41 9
6 31 12
6 48 12
6 10 9
6 49 3
7 30 12
7 27 9
7 31 18
7 10 12
7 15 15
7 19 14
7 33 12
7 42 7
8 20 2
8 32 20
8 45 10
8 27 3
9 23 3
9 30 2
9 12 5
10 34 4
10 37 9
10 17 10
10 48 9
11 28 12
12 26 5
12 15 3
13 28 11
13 42 6
14 45 8
14 44 12
14 49 20
14 20 4
15 29 19
15 36 15
15 33 8
15 22 14
15 43 2
15 16 12
15 44 20
15 42 16
16 22 13
16 23 14
17 44 16
17 40 7
17 43 18
17 38 2
17 34 17
17 20 16
18 35 6
18 43 18
18 47 6
18 45 18
19 35 3
19 41 10
20 40 7
20 44 16
20 22 16
20 46 11
20 26 6
20 37 5
21 40 15
21 39 2
22 30 14
22 42 13
22 41 14
23 42 15
23 47 18
23 39 6
23 29 16
23 25 10
23 38 17
24 45 15
24 48 14
24 33 6
25 34 6
25 38 10
25 44 19
25 45 4
26 40 8
26 36 3
27 39 10
27 34 13
27 40 7
28 45 20
28 47 17
29 31 18
29 37 3
30 32 9
30 40 5
32 39 4
32 33 16
32 36 2
32 34 12
33 38 14
33 35 5
33 37 20
34 45 14
34 38 18
34 40 5
34 41 11
35 39 18
36 48 6
37 43 5
37 42 17
37 45 15
38 41 20
38 42 20
39 47 20
39 44 13
39 42 16
39 43 6
40 42 18
42 47 12
43 46 13
44 49 14
45 46 2
47 48 18
48 49 20

TollEdges
45 24
40 27
46 20
42 13
34 27
15 36
43 46
5 4
17 40
41 22
14 49
35 39
44 39
37 42
31 29
32 33
32 30
18 43
43 17
4 46
24 33
