45

Pairs
11 38 1
22 25 1
18 10 1
36 14 1
11 23 1
3 37 1
22 27 1
34 2 1
43 18 1
0 41 1
23 27 1
29 16 1
35 34 1
25 13 1
35 22 1
1 33 1
23 44 1
42 5 1
26 18 1
21 38 1
2 13 1
3 27 1
8 32 1
32 35 1
35 30 1
19 42 1
38 31 1
0 25 1
15 34 1
30 12 1

Edges
0 9 13
0 28 11
1 10 10
1 22 16
1 19 19
1 41 12
1 12 6
2 34 4
2 9 7
2 21 4
2 13 16
2 3 14
3 12 15
3 15 7
3 34 17
3 38 15
3 22 19
4 5 11
4 33 15
4 28 3
4 17 17
4 34 2
4 36 11
4 30 17
4 29 2
5 8 12
5 22 18
5 7 2
5 25 5
5 13 13
6 38 7
6 25 3
6 10 12
6 44 17
7 37 11
7 39 17
7 16 12
7 22 19
7 29 12
7 18 17
7 21 20
8 43 9
8 28 13
8 24 4
8 12 19
8 15 20
8 14 9
9 11 2
9 26 19
9 40 17
9 18 12
10 32 13
10 19 12
10 26 5
10 27 20
10 42 5
10 29 19
10 31 9
11 23 9
11 20 6
11 16 5
11 17 6
11 24 15
12 30 4
12 25 13
13 26 3
13 20 6
13 36 9
13 19 9
13 16 17
13 38 8
16 28 3
16 35 6
16 43 8
16 30 20
17 42 9
17 34 13
17 28 4
18 44 8
18 22 2
18 21 9
18 23 18
18 35 14
19 40 10
19 33 4
20 31 11
20 29 18
21 40 20
21 29 17
21 30 10
21 41 17
22 31 3
22 38 5
22 43 8
23 40 15
23 41 2
25 27 19
25 35 2
26 39 2
26 33 10
27 38 18
27 39 6
29 43 7
30 34 3
31 36 11
31 43 3
32 42 12
32 36 17
34 38 16
35 37 9
36 44 14
36 37 9
37 38 10
38 44 11
39 44 12
43 44 11

TollEdges
1 10
41 1
7 18
7 37
16 7
5 22
28 8
7 5
1 12
11 16
2 3
