55

Pairs
54 42 1
40 29 1
42 3 1
42 17 1
17 22 1
44 45 1
8 4 1
50 54 1
21 46 1
22 38 1

Edges
0 45 9
0 26 4
0 1 20
0 54 18
0 53 16
1 53 10
1 38 14
1 16 17
1 41 5
1 51 19
1 8 5
2 29 6
2 12 3
2 49 15
2 10 16
2 28 9
2 24 14
3 47 18
3 31 17
3 42 20
4 21 20
4 48 18
4 42 19
4 38 18
5 8 16
5 38 9
5 21 5
5 10 9
5 6 15
5 34 6
5 37 14
6 27 14
6 28 12
6 15 9
6 30 13
6 26 3
6 9 13
6 16 17
6 54 14
7 10 9
7 53 4
7 44 9
8 33 2
8 51 9
8 16 17
8 48 5
8 42 12
9 52 9
9 28 19
9 42 7
9 26 5
10 27 6
10 38 8
11 31 19
11 41 18
11 48 2
11 46 8
11 36 3
11 50 9
11 42 12
11 25 17
11 16 5
11 26 10
11 20 11
12 51 7
12 32 5
12 37 14
12 25 6
12 36 16
13 25 16
13 22 15
13 43 17
13 40 18
13 24 7
13 23 10
13 53 5
13 51 13
13 36 10
14 30 17
14 35 9
14 32 19
14 48 5
14 36 13
15 30 19
15 40 20
15 50 7
15 41 11
15 54 19
15 48 16
15 43 12
15 37 7
15 19 12
16 42 16
16 53 9
16 33 20
16 30 17
17 46 3
17 21 20
17 36 16
17 24 12
18 38 19
18 27 2
19 48 15
19 22 15
19 27 15
19 47 2
20 48 9
20 26 8
20 23 16
20 35 13
21 45 6
21 52 8
22 33 7
22 48 19
22 23 2
23 30 7
23 47 18
23 39 8
23 40 4
23 29 18
24 30 15
24 50 2
24 25 2
24 40 17
25 32 15
25 35 14
25 38 9
25 41 13
26 54 14
27 46 8
27 32 13
27 41 6
27 49 19
27 50 17
28 50 12
28 45 6
29 37 11
29 50 8
29 44 10
29 41 20
29 52 18
29 45 15
30 33 7
30 41 6
31 40 4
32 42 20
32 53 10
33 38 4
33 43 15
33 34 3
34 50 7
35 37 7
36 45 3
36 41 16
36 38 4
37 52 11
37 44 10
37 45 13
37 40 14
38 49 5
39 49 2
39 43 15
40 51 16
40 49 20
41 49 12
43 53 12
44 53 6
44 47 4
44 48 17
46 51 8
46 50 5
47 49 18
48 54 7
50 53 15
50 51 3

TollEdges
38 1
54 0
51 8
21 17
37 35
51 50
36 38
5 8
25 32
36 13
27 41
42 32
41 25
14 36
12 37
40 13
26 20
31 3
18 38
53 44
13 53
12 2
24 17
51 1
40 24
44 29
