55

Pairs
0 29 1
2 18 1
47 42 1
53 19 1
14 22 1
10 44 1
39 18 1
26 14 1
3 5 1
5 43 1
17 2 1
46 43 1
34 7 1
15 35 1
33 42 1
48 42 1
25 27 1
17 13 1

Edges
0 20 14
0 21 6
0 49 15
0 35 9
0 19 11
0 12 18
0 45 12
0 17 18
1 49 19
1 17 15
1 48 14
1 24 5
1 50 12
2 29 9
2 32 7
2 45 20
3 9 17
3 39 11
4 35 16
4 19 13
4 17 20
4 46 13
5 19 11
5 39 13
5 46 15
5 29 13
5 12 2
5 51 8
5 17 13
5 9 9
6 28 6
6 8 14
6 43 18
6 48 17
6 37 4
7 48 14
7 43 11
7 13 5
7 54 19
7 28 3
7 50 10
7 24 16
7 52 20
7 18 2
8 26 6
9 18 11
9 29 6
10 17 16
10 21 3
10 26 15
10 41 4
10 47 14
10 43 8
11 34 3
11 18 2
11 13 8
12 44 8
12 53 7
12 27 12
12 22 7
12 36 18
13 46 5
13 22 11
13 48 13
13 37 18
13 34 16
13 28 10
13 38 10
13 51 12
13 32 18
14 38 10
14 53 3
14 46 8
14 20 20
14 39 9
14 40 19
15 30 2
15 46 15
15 20 7
15 44 7
15 29 15
15 27 20
16 25 15
16 54 3
16 43 20
16 32 20
17 29 14
17 22 5
17 38 2
17 47 11
17 27 13
17 31 13
17 36 20
17 37 12
17 53 7
17 23 19
18 37 3
18 54 3
18 41 2
19 53 17
19 42 13
19 28 3
19 33 9
19 43 17
19 34 5
19 37 9
20 51 16
20 36 3
20 21 6
20 53 2
20 48 8
20 38 7
21 47 14
21 43 8
21 23 15
21 45 19
22 30 12
22 35 17
22 27 10
23 36 14
23 53 14
23 33 20
23 42 7
23 24 9
23 51 15
23 28 4
23 54 4
23 39 5
24 45 12
24 26 14
25 45 19
26 36 8
26 43 18
26 50 5
26 51 10
27 40 19
27 34 11
27 28 11
28 43 15
28 37 4
29 52 3
29 51 11
29 40 5
29 33 5
29 43 15
30 46 12
30 35 10
31 35 2
32 45 13
32 36 6
33 48 20
33 47 15
33 50 18
34 41 9
34 53 5
34 52 14
35 38 8
36 48 14
37 47 11
38 48 2
38 47 4
39 47 11
40 50 18
41 44 5
42 50 20
42 43 18
43 49 18
45 53 17
45 48 3
45 54 13
45 51 2
45 49 6
46 53 12
49 50 7
51 54 16

TollEdges
27 12
18 41
20 38
34 13
53 46
43 49
26 24
6 37
13 48
44 12
35 22
49 50
23 53
4 35
17 1
30 46
10 47
50 40
33 47
13 37
6 28
49 1
29 33
34 41
13 28
52 29
39 14
24 23
54 45
27 15
51 13
43 6
10 26
13 11
28 19
