45

Pairs
0 10 1
10 37 1
44 21 1
15 44 1
22 23 1

Edges
0 19 8
0 42 6
0 43 15
0 27 10
1 14 12
1 24 17
1 29 4
1 6 12
2 15 11
2 40 2
3 17 15
3 31 11
3 38 15
3 6 18
4 11 15
4 41 3
4 28 11
4 36 18
4 25 3
4 6 8
4 5 4
4 23 8
4 38 7
4 12 13
5 38 2
5 43 8
5 11 5
5 24 5
5 41 13
6 39 8
6 28 3
6 16 6
7 43 4
7 29 9
7 10 20
7 32 2
7 25 2
7 11 18
7 42 17
8 44 19
8 10 10
8 21 2
8 18 18
9 11 7
9 18 9
9 30 16
9 23 17
9 15 5
10 28 14
10 14 14
10 35 15
10 19 12
10 18 10
10 24 8
10 44 2
11 29 10
11 28 13
11 14 15
11 43 16
11 30 10
12 28 13
12 44 19
12 23 4
13 18 11
13 30 18
14 42 8
14 33 9
14 27 10
14 15 5
15 31 13
16 21 14
16 36 20
17 30 8
17 36 18
17 25 19
18 36 5
18 22 6
18 35 20
19 25 10
19 36 6
20 44 8
20 27 10
20 40 13
21 32 12
22 34 6
23 26 10
23 44 5
24 39 13
24 42 9
24 37 10
24 32 2
25 30 13
25 28 20
25 35 15
25 39 18
26 42 9
26 35 20
26 44 20
26 36 17
27 39 14
28 38 7
28 36 19
28 30 12
29 30 9
30 44 15
30 37 2
32 39 20
32 43 11
33 38 4
34 41 9
35 41 7
35 40 7
36 41 14
37 42 9
40 44 13
42 44 6

TollEdges
29 30
32 24
9 18
20 27
6 1
43 32
22 34
32 21
28 10
25 30
11 9
7 29
36 18
0 27
1 14
7 32
29 1
