50

Pairs
1 11 1
2 22 1
4 19 1
16 37 1
13 25 1
24 32 1
37 10 1
14 21 1
25 22 1
31 33 1

Edges
0 11 4
0 24 17
0 38 17
0 29 8
1 27 3
1 3 7
1 37 4
2 8 10
2 45 4
2 26 11
2 9 6
2 41 15
2 17 15
3 28 4
3 12 2
3 44 17
3 27 2
4 40 11
4 6 13
4 26 12
4 15 11
4 10 3
5 36 7
5 25 20
5 23 13
6 42 15
6 37 17
6 48 12
6 41 11
6 7 10
6 19 2
6 31 11
7 48 5
7 18 19
8 34 18
8 12 5
8 35 15
9 29 18
9 31 18
9 16 11
10 45 12
10 18 7
10 43 15
10 42 12
10 27 11
10 20 5
10 44 7
10 16 14
10 21 8
10 30 8
11 24 20
11 30 15
11 46 9
11 32 19
11 35 17
12 18 5
12 49 16
12 25 11
12 24 18
13 35 6
13 18 2
13 46 16
13 43 9
14 33 9
14 40 11
14 44 6
14 34 6
14 39 17
14 38 13
15 30 7
15 39 5
15 22 12
15 17 15
15 23 16
15 46 10
16 21 2
16 31 19
17 45 3
17 23 14
17 18 20
17 46 19
17 48 4
18 34 11
18 21 13
18 46 11
18 48 10
18 28 9
18 45 3
18 37 9
19 30 19
19 43 19
19 46 14
19 24 2
19 45 7
20 25 11
20 45 11
20 44 8
20 47 9
20 34 19
21 42 3
21 32 11
22 46 16
22 45 13
22 37 7
23 42 7
23 38 13
23 44 3
24 29 8
24 39 12
24 38 13
24 28 6
24 42 12
25 26 14
25 28 12
26 41 3
27 37 9
28 43 10
28 38 15
28 34 17
29 42 14
30 42 6
30 41 20
30 35 13
31 47 11
31 40 18
32 43 6
33 44 20
34 43 8
35 43 16
35 36 12
36 39 18
36 48 2
36 38 10
37 47 3
37 49 18
37 41 15
39 47 20
40 41 12
41 48 15
41 42 12
42 44 8
42 43 11
44 49 6
45 46 2

TollEdges
29 24
30 19
17 18
42 29
39 47
38 14
15 22
10 45
34 8
20 45
23 42
48 36
11 24
35 43
