55

Pairs
11 12 1
2 38 1
37 22 1
20 53 1
52 40 1
14 4 1
46 12 1
45 3 1
29 24 1
12 14 1
23 53 1
31 13 1
47 33 1
29 28 1
23 26 1
17 12 1
19 41 1
31 45 1

Edges
0 28 16
0 18 8
0 23 12
0 53 4
0 50 5
0 33 13
1 10 19
1 3 5
1 19 6
1 2 18
1 39 20
1 4 8
1 49 6
2 54 20
2 37 6
2 25 15
2 6 9
2 10 20
3 19 15
3 46 17
3 10 16
3 44 4
3 51 4
3 7 12
3 26 9
4 10 15
4 22 6
4 21 11
4 52 5
4 25 15
4 18 20
4 16 17
5 7 3
5 21 15
5 40 14
5 34 15
5 11 13
5 6 5
5 38 10
5 8 8
6 40 19
6 22 3
6 39 9
6 18 5
6 52 14
7 32 12
7 42 13
7 37 11
7 25 17
7 12 15
7 26 3
7 30 2
7 44 17
8 46 14
8 43 17
8 21 19
8 19 14
8 12 17
8 23 15
8 42 18
8 17 7
8 38 14
9 53 9
9 12 10
10 44 9
11 49 3
11 20 2
11 50 15
11 38 18
11 28 11
12 24 17
13 32 14
13 27 17
13 19 3
13 52 7
13 23 3
14 16 17
14 20 3
14 23 12
14 38 2
14 22 12
14 41 17
14 40 2
14 54 16
15 53 9
15 39 17
15 23 15
15 35 13
15 28 16
15 30 18
16 47 10
16 37 19
16 18 6
17 20 15
17 22 16
17 41 20
17 19 12
17 34 12
17 46 19
17 32 9
17 49 9
17 48 3
17 36 6
18 44 19
18 28 20
19 20 12
19 32 6
19 53 12
19 31 6
20 31 20
20 23 9
21 31 15
21 40 11
21 23 3
22 51 10
22 24 2
22 40 5
22 47 16
22 28 2
23 43 17
23 40 9
23 33 17
24 42 15
24 36 3
25 30 14
25 49 7
25 45 5
25 32 13
26 37 11
26 54 11
27 28 18
27 38 18
28 47 2
28 54 20
28 34 7
28 39 16
29 42 18
29 44 12
29 36 18
29 45 4
30 34 14
30 53 14
30 43 20
30 48 15
31 33 5
31 51 4
32 40 16
32 46 16
32 48 11
33 45 18
33 51 2
33 53 7
35 38 11
35 39 17
36 45 20
36 54 20
36 44 14
38 54 5
38 48 20
39 44 9
39 47 20
39 42 13
40 42 18
41 50 11
42 43 2
42 53 2
42 45 15
43 53 7
44 47 12
44 53 9
45 47 19
46 48 5
47 54 9
48 53 19
51 54 18

TollEdges
17 48
49 25
10 2
10 3
34 30
44 36
47 16
2 1
39 42
19 32
20 23
50 41
7 25
2 54
46 3
17 22
0 33
4 18
14 16
51 54
10 44
32 17
7 42
43 23
32 25
37 26
