60

Pairs
52 24 1
22 52 1
1 41 1
37 46 1
11 5 1
41 8 1
28 30 1
38 11 1
33 31 1
30 3 1
10 1 1
52 55 1
32 42 1
49 54 1
11 23 1
1 6 1
9 8 1
22 12 1
42 4 1
4 14 1

Edges
0 55 7
0 19 2
0 35 20
1 58 16
1 50 10
1 35 12
1 12 6
1 14 9
2 32 6
3 7 12
3 59 20
3 55 7
3 52 12
3 23 13
3 17 11
4 31 15
4 55 9
4 19 13
4 15 6
4 50 11
4 36 16
4 40 8
5 26 5
5 15 14
5 17 10
5 43 2
5 39 5
5 50 2
5 19 20
5 32 8
6 49 8
6 42 18
6 58 11
6 48 3
6 25 3
6 41 5
6 31 15
6 50 20
6 23 18
7 16 8
7 40 19
7 32 9
7 18 19
7 53 15
8 26 2
8 50 6
8 43 9
8 59 3
8 13 14
8 52 19
9 45 10
9 31 10
9 37 19
9 27 17
9 52 12
10 28 20
10 33 18
10 14 20
11 24 11
11 28 14
11 43 7
11 22 7
11 58 9
11 18 12
12 46 8
12 55 3
12 13 18
12 47 4
12 15 9
12 26 19
12 17 16
12 19 11
12 59 14
12 21 7
13 23 10
13 48 6
13 19 5
13 15 12
13 37 12
13 14 11
14 18 18
14 27 18
14 57 10
14 37 2
14 15 7
14 25 11
14 16 6
14 47 20
14 50 6
15 41 13
15 22 6
15 36 6
15 28 5
15 31 12
15 16 2
15 33 7
15 49 10
15 46 17
16 40 10
16 32 9
16 19 5
16 27 6
17 57 20
17 32 7
17 43 16
17 19 18
17 41 8
17 29 20
17 31 2
17 42 7
17 26 5
18 35 17
18 25 20
18 47 16
18 39 12
18 36 16
18 29 14
18 40 9
18 19 2
19 41 7
19 55 12
19 31 16
19 30 6
19 52 19
20 26 15
20 46 9
20 47 12
20 33 7
20 37 6
20 55 17
21 56 10
21 32 14
21 45 6
22 46 8
22 45 2
22 36 9
22 25 15
22 55 7
22 48 17
23 56 4
23 40 4
24 45 3
24 53 12
25 39 11
25 46 9
26 35 11
27 52 16
27 40 17
27 53 6
27 35 18
27 31 5
27 50 6
28 46 3
28 49 13
28 53 16
29 32 14
29 48 12
29 35 16
29 45 13
29 49 20
30 32 2
31 56 6
31 41 11
32 48 11
32 35 2
33 34 9
33 53 4
33 42 12
33 58 15
33 35 16
34 56 11
34 51 6
34 49 19
34 39 18
35 38 10
35 41 12
35 42 8
35 55 12
36 40 4
36 59 11
36 42 19
36 48 20
36 57 18
37 57 6
37 48 13
37 56 6
37 40 17
38 58 3
39 50 12
39 55 3
40 45 15
40 42 17
41 58 18
42 45 6
42 59 12
42 57 4
43 44 11
43 57 8
44 57 13
45 50 13
45 52 19
45 56 11
46 55 15
47 53 3
47 49 10
49 50 3
50 59 10
54 59 2

TollEdges
4 50
46 55
48 13
27 40
52 19
35 55
29 32
56 34
50 39
53 7
21 45
22 48
32 48
48 36
18 39
56 37
14 57
39 55
6 41
40 37
