45

Pairs
13 2 1
7 22 1
25 5 1
19 17 1
36 15 1
22 34 1
18 19 1
3 24 1
28 13 1
40 18 1

Edges
0 25 9
0 43 9
0 2 12
1 38 17
1 11 6
1 19 12
1 35 13
1 22 4
2 24 18
2 41 10
3 43 12
3 22 18
3 44 7
3 14 14
3 13 19
4 41 3
4 20 20
4 6 12
4 30 6
4 44 19
4 17 8
4 23 2
4 36 6
5 17 20
5 40 11
5 22 18
5 35 2
5 8 6
5 18 16
6 32 12
6 31 13
6 43 15
6 33 19
6 26 16
6 22 15
6 19 8
7 40 19
8 25 10
8 29 8
8 14 5
8 32 10
8 26 15
8 16 13
8 30 14
8 44 17
9 44 20
9 14 4
9 19 16
9 33 16
9 11 18
9 35 7
10 16 16
10 29 10
10 21 12
10 42 4
11 32 20
12 24 3
12 32 14
12 42 10
12 43 9
13 22 10
13 23 16
13 20 13
13 19 14
13 34 18
14 32 5
14 41 4
14 15 19
14 33 14
15 43 3
15 33 13
16 31 18
16 33 8
16 24 2
16 27 6
16 35 10
16 34 10
17 32 16
17 41 5
17 36 18
18 32 11
18 24 4
19 40 15
20 33 19
20 42 18
21 28 5
21 44 15
21 35 4
21 37 12
21 27 10
21 25 6
22 26 19
22 25 17
22 36 9
24 27 12
24 36 14
24 39 12
25 38 16
25 30 13
25 28 19
25 37 7
26 39 16
26 33 17
28 38 12
29 43 17
29 40 16
31 33 10
32 41 3
33 42 7
34 43 9
34 41 6
36 40 12
37 38 6
37 39 20
39 40 10
40 43 3

TollEdges
5 40
33 14
24 36
20 33
10 16
21 27
30 25
4 20
24 2
33 9
16 34
5 17
25 37
25 38
40 39
11 32
30 4
