35

Pairs
23 21 1
22 3 1
15 22 1
22 18 1
27 3 1
33 27 1
11 23 1
5 9 1
32 28 1
25 0 1
25 30 1
5 10 1
2 23 1
22 30 1
27 24 1
8 5 1
12 18 1
30 31 1

Edges
0 14 15
1 30 18
1 24 9
1 9 5
1 28 18
1 31 7
1 25 16
1 34 6
2 15 3
2 28 6
2 3 6
2 33 9
3 19 8
3 29 13
3 18 10
3 24 16
3 32 9
4 23 16
4 31 15
5 28 12
5 21 5
6 9 17
6 16 11
6 27 19
7 15 19
7 34 19
8 31 11
8 19 16
8 12 6
8 30 19
8 16 19
8 17 18
9 28 4
9 21 7
10 18 15
10 33 17
11 21 19
11 25 7
12 26 11
13 22 17
13 32 16
13 27 20
14 27 6
14 24 3
14 21 19
14 25 9
14 32 5
15 34 15
15 21 2
15 25 19
15 32 9
16 22 15
16 27 16
16 21 11
16 19 6
17 24 10
17 30 4
17 22 11
18 19 5
18 24 19
19 21 2
20 34 6
21 27 9
23 26 16
25 32 7
25 31 2
25 27 15
27 34 6
28 32 4
29 33 4

TollEdges
28 32
25 31
4 23
