35

Pairs
21 5 1
4 15 1
16 7 1
25 12 1
15 2 1

Edges
0 11 10
0 3 20
1 19 8
1 32 3
1 12 20
1 16 18
2 13 10
3 13 15
3 21 15
3 8 11
4 15 12
4 26 16
4 10 14
4 34 19
4 25 18
4 7 3
4 27 9
4 33 7
5 11 12
5 28 12
5 10 8
5 34 17
5 27 10
6 11 15
6 19 2
6 14 5
7 31 19
7 25 8
7 18 10
7 22 6
8 29 16
8 30 19
8 11 16
8 23 19
8 22 7
9 31 3
9 10 13
9 20 10
10 12 10
10 11 7
10 21 7
10 19 17
11 25 4
11 12 19
12 13 13
12 19 12
12 15 20
12 24 18
12 16 12
13 23 2
15 17 3
15 25 20
15 33 2
15 16 14
16 31 10
16 33 7
16 24 6
17 32 10
18 23 2
19 30 17
20 24 20
21 33 14
22 31 5
22 26 9
24 33 12
25 27 13
26 32 3
26 33 12
29 34 9
31 34 4

TollEdges
4 33
4 7
33 26
13 12
12 11
10 4
27 5
12 1
26 32
7 25
