30

Pairs
8 14 1
13 10 1
3 28 1
19 29 1
24 19 1

Edges
0 7 17
0 6 10
0 15 9
1 9 18
1 19 8
1 20 16
1 15 15
2 25 20
2 7 3
2 10 12
3 21 12
3 13 11
3 25 19
3 28 14
3 20 5
4 22 16
4 15 9
4 9 17
5 7 4
5 20 18
5 9 19
6 29 7
6 13 10
6 9 4
7 25 9
7 15 15
8 29 16
9 17 6
9 14 12
9 27 17
11 28 16
11 23 9
11 18 15
11 22 9
12 15 7
13 24 11
13 21 20
13 16 19
14 18 16
15 16 15
15 18 20
17 19 12
17 21 12
17 25 12
18 26 18
20 27 13
20 22 13
21 26 4
21 27 3
23 25 20
28 29 12

TollEdges
6 29
6 9
6 13
17 19
9 17
14 18
15 12
3 20
21 27
15 4
