45

Pairs
21 19 1
28 16 1
10 28 1
13 30 1
24 0 1
0 15 1
24 21 1
32 11 1
18 35 1
13 36 1
3 35 1
5 15 1
32 20 1
12 19 1
4 25 1
28 33 1
29 6 1
2 32 1
31 40 1
26 43 1
39 21 1
11 15 1
32 36 1
14 1 1
0 23 1
31 8 1
15 31 1
24 3 1
5 35 1
26 10 1

Edges
0 22 20
0 13 13
0 32 18
0 12 5
0 3 3
0 15 9
0 40 19
1 39 12
1 40 15
1 17 8
2 28 12
2 6 15
2 38 12
2 13 17
2 11 19
2 17 3
3 32 19
3 34 4
3 31 12
3 39 12
4 11 15
4 14 9
4 27 10
4 22 3
5 10 3
5 41 5
5 6 6
5 14 11
6 10 20
6 33 16
6 9 20
6 8 4
6 24 8
7 36 20
7 28 2
8 15 4
8 24 12
8 40 9
9 25 6
9 42 16
9 36 9
9 28 4
10 28 7
10 12 2
10 33 15
10 29 11
10 14 19
11 37 3
11 16 17
11 41 2
11 26 4
12 19 11
12 23 2
12 30 15
12 38 12
13 24 16
13 35 6
13 39 2
13 17 12
14 42 19
14 32 16
14 19 5
14 24 13
15 44 3
15 37 7
15 22 3
16 22 15
16 20 11
16 25 16
16 33 7
16 44 12
16 29 5
17 44 18
17 31 19
17 39 12
18 35 8
18 43 20
19 22 11
19 27 7
20 43 6
20 28 18
21 31 2
21 38 10
21 30 3
22 41 17
22 30 10
22 24 8
22 31 8
23 28 10
23 39 6
24 34 15
24 28 14
24 43 3
24 33 9
25 40 3
26 38 4
26 33 13
26 39 10
26 44 4
27 32 16
27 35 15
28 32 12
29 30 13
29 38 2
30 35 9
30 38 7
30 44 19
31 37 11
31 33 6
33 44 15
34 35 9
35 37 11
37 39 4
38 41 4
41 42 14
43 44 16

TollEdges
38 26
7 28
40 1
12 30
6 10
19 27
35 27
29 30
32 0
16 44
43 20
1 17
39 3
2 11
30 22
17 31
24 28
