55

Pairs
36 14 1
48 9 1
17 15 1
11 18 1
49 20 1
32 15 1
1 51 1
29 9 1
48 51 1
45 27 1
12 43 1
45 7 1
36 2 1
27 37 1
15 10 1
12 6 1
26 12 1
35 26 1

Edges
0 20 10
0 25 15
0 29 7
0 43 6
0 30 19
0 3 2
0 23 9
0 40 20
1 48 5
1 35 13
1 12 13
2 8 20
2 13 18
2 14 13
2 20 3
2 45 6
2 12 5
2 15 4
2 27 9
3 31 8
3 13 20
3 7 11
3 40 13
3 38 8
3 18 12
3 29 12
3 51 2
4 26 20
4 21 11
4 6 3
4 11 11
5 35 17
5 42 10
5 43 13
5 15 5
7 45 12
7 44 20
7 26 20
8 30 5
8 36 20
8 49 10
8 31 2
8 29 2
8 17 15
8 25 20
8 9 9
9 45 17
9 17 2
9 23 4
9 31 3
9 28 12
9 14 20
9 21 14
9 42 10
10 50 13
10 38 3
10 43 14
10 21 11
10 17 3
10 24 3
11 14 13
11 28 3
11 27 20
11 41 8
11 37 16
12 50 2
12 24 7
12 27 5
12 33 12
12 19 12
13 29 11
13 20 16
13 33 15
13 47 15
13 22 7
13 32 16
14 21 13
14 37 15
14 39 7
14 47 15
14 31 5
15 41 19
15 29 20
15 17 17
15 22 10
16 53 8
17 23 10
17 42 16
17 48 14
17 27 12
17 38 15
17 52 11
18 24 18
18 26 7
18 35 14
18 27 7
18 31 2
18 46 9
19 48 14
19 40 3
19 49 7
20 35 18
20 38 6
20 23 11
21 46 13
21 26 3
21 30 16
21 23 13
21 36 10
21 38 17
22 49 6
22 51 18
22 48 20
22 54 9
23 26 2
23 28 18
23 29 13
23 31 6
24 45 10
24 40 16
24 38 10
25 49 20
25 53 16
25 34 12
26 28 14
27 35 14
27 32 16
28 51 9
28 43 10
28 44 17
28 50 6
29 46 13
29 51 15
29 31 5
30 53 3
30 38 15
30 44 16
30 54 5
30 50 12
31 52 5
31 51 20
31 43 9
32 54 4
32 33 16
32 43 16
33 52 15
33 42 6
33 39 13
33 37 17
34 46 8
34 38 8
34 35 2
34 44 5
35 48 2
35 47 20
35 53 6
35 51 15
35 44 9
36 52 10
36 51 13
36 44 2
37 45 4
37 46 2
37 39 7
38 54 10
39 45 11
40 54 18
42 50 11
44 51 9
45 54 17
45 53 8
46 54 11
46 51 6
48 54 9
53 54 6

TollEdges
29 46
49 8
50 42
12 1
49 25
29 51
14 37
21 23
33 13
23 31
9 45
5 35
7 3
30 38
35 34
21 4
37 45
