50

Pairs
23 9 1
16 10 1
48 3 1
43 28 1
42 22 1

Edges
0 48 18
0 22 7
0 28 3
0 26 18
0 18 4
1 14 19
1 19 15
1 41 7
2 13 2
2 45 14
2 34 19
2 44 10
3 31 4
3 23 5
3 30 16
3 32 2
3 34 12
3 17 4
3 20 10
4 23 15
4 37 5
4 46 9
4 48 18
4 24 10
4 26 10
4 41 9
4 16 5
4 20 8
5 9 2
5 40 6
5 24 15
5 36 3
6 34 16
6 19 14
6 33 14
6 41 7
6 10 9
6 15 17
7 42 6
7 10 8
7 15 6
8 27 11
8 48 9
8 39 4
8 34 16
9 20 4
9 40 13
9 32 6
10 14 4
10 33 16
10 30 13
10 18 4
10 35 20
10 15 7
10 31 9
11 26 20
11 14 13
12 49 14
12 27 10
12 36 20
12 35 13
12 47 17
13 26 18
13 22 15
13 25 13
13 43 14
13 38 16
14 47 3
14 29 6
14 43 14
16 33 2
16 24 15
16 44 13
16 29 14
16 45 5
16 20 10
16 47 11
16 42 4
17 24 15
17 38 14
17 29 10
17 22 9
17 25 6
18 41 7
18 37 7
18 43 2
18 35 18
19 26 2
19 29 9
19 35 7
19 27 14
19 31 17
20 29 19
20 37 14
20 27 15
20 48 9
20 30 13
20 43 9
21 48 18
21 24 11
22 24 12
22 30 16
22 28 2
22 43 10
23 46 15
23 35 10
23 47 13
24 45 13
25 27 17
25 43 13
25 35 17
25 38 16
26 40 20
27 38 5
27 34 19
27 40 18
27 33 5
27 36 17
27 37 13
29 47 11
30 37 9
30 33 10
30 44 9
31 41 10
31 48 8
32 34 11
32 44 5
32 40 18
32 38 15
35 39 19
35 36 20
36 39 7
37 47 2
37 42 11
38 39 12
38 49 10
39 42 10
41 47 11
41 49 18
41 46 8
42 44 17
43 49 12
45 47 13
47 49 20

TollEdges
41 49
10 35
19 29
49 43
27 38
2 45
4 48
