40

Pairs
2 36 1
35 8 1
29 33 1
4 35 1
26 21 1
3 20 1
10 28 1
9 34 1
8 36 1
31 15 1
22 18 1
20 39 1
36 12 1
22 13 1
36 0 1
7 24 1
25 26 1
11 27 1
39 16 1
33 36 1
20 2 1
2 8 1
15 8 1
31 36 1
26 36 1
32 36 1
11 32 1

Edges
0 27 13
0 36 19
0 31 9
0 25 4
0 21 8
0 23 20
0 11 15
0 38 6
0 15 12
1 38 2
1 30 11
1 37 12
1 12 15
1 3 3
1 32 20
1 2 2
1 35 18
2 8 6
2 38 2
2 18 3
2 37 13
2 39 2
2 14 8
2 5 9
3 26 3
3 13 7
3 12 10
3 30 13
4 38 18
4 15 9
4 14 3
5 38 2
5 18 3
5 8 14
6 36 20
6 11 19
6 34 8
7 32 17
7 35 5
7 39 12
8 36 5
8 9 13
8 28 5
9 24 10
9 17 13
9 13 5
9 22 15
10 19 11
10 24 11
10 35 14
10 16 10
11 12 6
11 14 19
11 21 15
12 36 19
12 28 7
12 30 3
12 21 19
12 37 3
13 35 20
13 23 14
13 15 9
13 22 10
14 25 3
14 22 15
14 15 18
14 29 18
14 19 16
14 16 9
14 24 4
15 31 9
16 25 7
16 26 17
16 17 10
17 39 6
17 36 8
17 27 16
18 37 7
19 34 8
20 38 9
20 31 16
21 32 13
23 34 20
23 25 13
24 39 18
25 39 20
26 37 14
26 27 17
26 34 12
28 36 18
29 34 4
33 36 7

TollEdges
34 19
12 11
17 27
25 23
23 13
36 28
20 31
24 39
19 10
